hsa;Glycolysis;2;hsa_5236.fasta;hsa;Glycolysis;2;hsa_55276.fasta;hsa;Glycolysis;3;hsa_2538.fasta;hsa;Glycolysis;3;hsa_57818.fasta;hsa;Glycolysis;3;hsa_92579.fasta;hsa;Glycolysis;5;hsa_3098.fasta;hsa;Glycolysis;5;hsa_3099.fasta;hsa;Glycolysis;5;hsa_3101.fasta;hsa;Glycolysis;5;hsa_80201.fasta;hsa;Glycolysis;5;hsa_2645.fasta;hsa;Glycolysis;5;hsa_83440.fasta;hsa;Glycolysis;6;hsa_130589.fasta;hsa;Glycolysis;7;hsa_2821.fasta;hsa;Glycolysis;8;hsa_2821.fasta;hsa;Glycolysis;9;hsa_3098.fasta;hsa;Glycolysis;9;hsa_3099.fasta;hsa;Glycolysis;9;hsa_3101.fasta;hsa;Glycolysis;9;hsa_80201.fasta;hsa;Glycolysis;9;hsa_2645.fasta;hsa;Glycolysis;9;hsa_83440.fasta;hsa;Glycolysis;10;hsa_2821.fasta;hsa;Glycolysis;15;hsa_2203.fasta;hsa;Glycolysis;15;hsa_8789.fasta;hsa;Glycolysis;16;hsa_5211.fasta;hsa;Glycolysis;16;hsa_5213.fasta;hsa;Glycolysis;16;hsa_5214.fasta;hsa;Glycolysis;17;hsa_226.fasta;hsa;Glycolysis;17;hsa_229.fasta;hsa;Glycolysis;17;hsa_230.fasta;hsa;Glycolysis;18;hsa_7167.fasta;hsa;Glycolysis;19;hsa_2597.fasta;hsa;Glycolysis;19;hsa_26330.fasta;hsa;Glycolysis;21;hsa_669.fasta;hsa;Glycolysis;22;hsa_5230.fasta;hsa;Glycolysis;22;hsa_5232.fasta;hsa;Glycolysis;23;hsa_669.fasta;hsa;Glycolysis;24;hsa_441531.fasta;hsa;Glycolysis;25;hsa_9562.fasta;hsa;Glycolysis;26;hsa_2023.fasta;hsa;Glycolysis;27;hsa_5105.fasta;hsa;Glycolysis;27;hsa_5106.fasta;hsa;Glycolysis;28;hsa_5313.fasta;hsa;Glycolysis;28;hsa_5315.fasta;hsa;Glycolysis;30;hsa_1737.fasta;hsa;Glycolysis;31;hsa_5160.fasta;hsa;Glycolysis;31;hsa_5161.fasta;hsa;Glycolysis;31;hsa_5162.fasta;hsa;Glycolysis;32;hsa_5160.fasta;hsa;Glycolysis;32;hsa_5161.fasta;hsa;Glycolysis;32;hsa_5162.fasta;hsa;Glycolysis;33;hsa_160287.fasta;hsa;Glycolysis;33;hsa_3939.fasta;hsa;Glycolysis;33;hsa_3945.fasta;hsa;Glycolysis;33;hsa_3948.fasta;hsa;Glycolysis;33;hsa_92483.fasta;hsa;Glycolysis;34;hsa_55902.fasta;hsa;Glycolysis;34;hsa_84532.fasta;hsa;Glycolysis;36;hsa_1738.fasta;hsa;Glycolysis;38;hsa_217.fasta;hsa;Glycolysis;38;hsa_219.fasta;hsa;Glycolysis;38;hsa_223.fasta;hsa;Glycolysis;38;hsa_224.fasta;hsa;Glycolysis;38;hsa_501.fasta;hsa;Glycolysis;38;hsa_218.fasta;hsa;Glycolysis;38;hsa_220.fasta;hsa;Glycolysis;38;hsa_221.fasta;hsa;Glycolysis;38;hsa_222.fasta;hsa;Glycolysis;39;hsa_124.fasta;hsa;Glycolysis;39;hsa_125.fasta;hsa;Glycolysis;39;hsa_126.fasta;hsa;Glycolysis;39;hsa_127.fasta;hsa;Glycolysis;39;hsa_128.fasta;hsa;Glycolysis;39;hsa_130.fasta;hsa;Glycolysis;39;hsa_131.fasta;hsa;Glycolysis;39;hsa_10327.fasta;atf;Glycolysis;2;atf_Ach5_38540.fasta;atf;Glycolysis;5;atf_Ach5_01690.fasta;atf;Glycolysis;5;atf_Ach5_28580.fasta;atf;Glycolysis;6;atf_Ach5_26040.fasta;atf;Glycolysis;7;atf_Ach5_03770.fasta;atf;Glycolysis;8;atf_Ach5_03770.fasta;atf;Glycolysis;9;atf_Ach5_01690.fasta;atf;Glycolysis;9;atf_Ach5_28580.fasta;atf;Glycolysis;10;atf_Ach5_03770.fasta;atf;Glycolysis;17;atf_Ach5_35300.fasta;atf;Glycolysis;18;atf_Ach5_15520.fasta;atf;Glycolysis;19;atf_Ach5_35260.fasta;atf;Glycolysis;22;atf_Ach5_35290.fasta;atf;Glycolysis;24;atf_Ach5_06750.fasta;atf;Glycolysis;24;atf_Ach5_22200.fasta;atf;Glycolysis;24;atf_Ach5_33290.fasta;atf;Glycolysis;24;atf_Ach5_45630.fasta;atf;Glycolysis;26;atf_Ach5_12940.fasta;atf;Glycolysis;27;atf_Ach5_00340.fasta;atf;Glycolysis;28;atf_Ach5_35540.fasta;atf;Glycolysis;30;atf_Ach5_12980.fasta;atf;Glycolysis;31;atf_Ach5_12960.fasta;atf;Glycolysis;31;atf_Ach5_12970.fasta;atf;Glycolysis;32;atf_Ach5_12960.fasta;atf;Glycolysis;32;atf_Ach5_12970.fasta;atf;Glycolysis;34;atf_Ach5_26290.fasta;atf;Glycolysis;34;atf_Ach5_48360.fasta;atf;Glycolysis;36;atf_Ach5_13000.fasta;atf;Glycolysis;36;atf_Ach5_25170.fasta;atf;Glycolysis;38;atf_Ach5_32630.fasta;atf;Glycolysis;38;atf_Ach5_36040.fasta;atf;Glycolysis;38;atf_Ach5_39260.fasta;atf;Glycolysis;38;atf_Ach5_47420.fasta;atf;Glycolysis;38;atf_Ach5_48430.fasta;atf;Glycolysis;38;atf_Ach5_49760.fasta;atf;Glycolysis;38;atf_Ach5_50690.fasta;atf;Glycolysis;38;atf_Ach5_21010.fasta;atf;Glycolysis;39;atf_Ach5_05470.fasta;atf;Glycolysis;39;atf_Ach5_16000.fasta;ath;Glycolysis;2;ath_AT1G23190.fasta;ath;Glycolysis;2;ath_AT1G70730.fasta;ath;Glycolysis;2;ath_AT5G51820.fasta;ath;Glycolysis;5;ath_AT1G47840.fasta;ath;Glycolysis;5;ath_AT1G50460.fasta;ath;Glycolysis;5;ath_AT2G19860.fasta;ath;Glycolysis;5;ath_AT3G20040.fasta;ath;Glycolysis;5;ath_AT4G29130.fasta;ath;Glycolysis;5;ath_AT4G37840.fasta;ath;Glycolysis;6;ath_AT3G01260.fasta;ath;Glycolysis;6;ath_AT3G17940.fasta;ath;Glycolysis;6;ath_AT3G47800.fasta;ath;Glycolysis;6;ath_AT5G15140.fasta;ath;Glycolysis;7;ath_AT3G01590.fasta;ath;Glycolysis;7;ath_AT3G61610.fasta;ath;Glycolysis;7;ath_AT4G23730.fasta;ath;Glycolysis;7;ath_AT4G25900.fasta;ath;Glycolysis;7;ath_AT5G14500.fasta;ath;Glycolysis;7;ath_AT5G57330.fasta;ath;Glycolysis;7;ath_AT5G66530.fasta;ath;Glycolysis;7;ath_AT4G24620.fasta;ath;Glycolysis;7;ath_AT5G42740.fasta;ath;Glycolysis;8;ath_AT4G24620.fasta;ath;Glycolysis;8;ath_AT5G42740.fasta;ath;Glycolysis;9;ath_AT1G50460.fasta;ath;Glycolysis;9;ath_AT2G19860.fasta;ath;Glycolysis;9;ath_AT3G20040.fasta;ath;Glycolysis;9;ath_AT4G29130.fasta;ath;Glycolysis;9;ath_AT4G37840.fasta;ath;Glycolysis;10;ath_AT4G24620.fasta;ath;Glycolysis;10;ath_AT5G42740.fasta;ath;Glycolysis;15;ath_AT1G43670.fasta;ath;Glycolysis;15;ath_AT3G54050.fasta;ath;Glycolysis;15;ath_AT5G64380.fasta;ath;Glycolysis;16;ath_AT2G22480.fasta;ath;Glycolysis;16;ath_AT4G26270.fasta;ath;Glycolysis;16;ath_AT4G29220.fasta;ath;Glycolysis;16;ath_AT4G32840.fasta;ath;Glycolysis;16;ath_AT5G47810.fasta;ath;Glycolysis;16;ath_AT5G56630.fasta;ath;Glycolysis;16;ath_AT5G61580.fasta;ath;Glycolysis;17;ath_AT2G01140.fasta;ath;Glycolysis;17;ath_AT2G21330.fasta;ath;Glycolysis;17;ath_AT2G36460.fasta;ath;Glycolysis;17;ath_AT3G52930.fasta;ath;Glycolysis;17;ath_AT4G26520.fasta;ath;Glycolysis;17;ath_AT4G26530.fasta;ath;Glycolysis;17;ath_AT4G38970.fasta;ath;Glycolysis;17;ath_AT5G03690.fasta;ath;Glycolysis;18;ath_AT2G21170.fasta;ath;Glycolysis;18;ath_AT3G55440.fasta;ath;Glycolysis;19;ath_AT1G13440.fasta;ath;Glycolysis;19;ath_AT1G16300.fasta;ath;Glycolysis;19;ath_AT1G79530.fasta;ath;Glycolysis;19;ath_AT3G04120.fasta;ath;Glycolysis;20;ath_AT2G24270.fasta;ath;Glycolysis;22;ath_AT1G56190.fasta;ath;Glycolysis;22;ath_AT1G79550.fasta;ath;Glycolysis;22;ath_AT3G12780.fasta;ath;Glycolysis;24;ath_AT1G22170.fasta;ath;Glycolysis;24;ath_AT1G78050.fasta;ath;Glycolysis;24;ath_AT1G09780.fasta;ath;Glycolysis;24;ath_AT3G08590.fasta;ath;Glycolysis;24;ath_AT3G50520.fasta;ath;Glycolysis;24;ath_AT5G04120.fasta;ath;Glycolysis;24;ath_AT5G22620.fasta;ath;Glycolysis;25;ath_AT1G09870.fasta;ath;Glycolysis;26;ath_AT1G74030.fasta;ath;Glycolysis;26;ath_AT2G29560.fasta;ath;Glycolysis;26;ath_AT2G36530.fasta;ath;Glycolysis;27;ath_AT4G37870.fasta;ath;Glycolysis;27;ath_AT5G65690.fasta;ath;Glycolysis;28;ath_AT1G32440.fasta;ath;Glycolysis;28;ath_AT2G36580.fasta;ath;Glycolysis;28;ath_AT3G04050.fasta;ath;Glycolysis;28;ath_AT3G22960.fasta;ath;Glycolysis;28;ath_AT3G25960.fasta;ath;Glycolysis;28;ath_AT3G49160.fasta;ath;Glycolysis;28;ath_AT3G52990.fasta;ath;Glycolysis;28;ath_AT3G55650.fasta;ath;Glycolysis;28;ath_AT3G55810.fasta;ath;Glycolysis;28;ath_AT4G26390.fasta;ath;Glycolysis;28;ath_AT5G08570.fasta;ath;Glycolysis;28;ath_AT5G52920.fasta;ath;Glycolysis;28;ath_AT5G56350.fasta;ath;Glycolysis;28;ath_AT5G63680.fasta;ath;Glycolysis;30;ath_AT1G34430.fasta;ath;Glycolysis;30;ath_AT1G54220.fasta;ath;Glycolysis;30;ath_AT3G13930.fasta;ath;Glycolysis;30;ath_AT3G25860.fasta;ath;Glycolysis;30;ath_AT3G52200.fasta;ath;Glycolysis;31;ath_AT1G01090.fasta;ath;Glycolysis;31;ath_AT1G24180.fasta;ath;Glycolysis;31;ath_AT1G30120.fasta;ath;Glycolysis;31;ath_AT1G59900.fasta;ath;Glycolysis;31;ath_AT2G34590.fasta;ath;Glycolysis;31;ath_AT5G50850.fasta;ath;Glycolysis;32;ath_AT1G01090.fasta;ath;Glycolysis;32;ath_AT1G24180.fasta;ath;Glycolysis;32;ath_AT1G30120.fasta;ath;Glycolysis;32;ath_AT1G59900.fasta;ath;Glycolysis;32;ath_AT2G34590.fasta;ath;Glycolysis;32;ath_AT5G50850.fasta;ath;Glycolysis;32;ath_AT4G33070.fasta;ath;Glycolysis;32;ath_AT5G01320.fasta;ath;Glycolysis;32;ath_AT5G01330.fasta;ath;Glycolysis;32;ath_AT5G54960.fasta;ath;Glycolysis;33;ath_AT4G17260.fasta;ath;Glycolysis;34;ath_AT5G36880.fasta;ath;Glycolysis;36;ath_AT1G48030.fasta;ath;Glycolysis;36;ath_AT3G16950.fasta;ath;Glycolysis;36;ath_AT3G17240.fasta;ath;Glycolysis;36;ath_AT4G16155.fasta;ath;Glycolysis;37;ath_AT4G33070.fasta;ath;Glycolysis;37;ath_AT5G01320.fasta;ath;Glycolysis;37;ath_AT5G01330.fasta;ath;Glycolysis;37;ath_AT5G54960.fasta;ath;Glycolysis;38;ath_AT1G23800.fasta;ath;Glycolysis;38;ath_AT1G44170.fasta;ath;Glycolysis;38;ath_AT1G54100.fasta;ath;Glycolysis;38;ath_AT3G48000.fasta;ath;Glycolysis;38;ath_AT4G34240.fasta;ath;Glycolysis;38;ath_AT4G36250.fasta;ath;Glycolysis;39;ath_AT1G22430.fasta;ath;Glycolysis;39;ath_AT1G22440.fasta;ath;Glycolysis;39;ath_AT1G32780.fasta;ath;Glycolysis;39;ath_AT1G64710.fasta;ath;Glycolysis;39;ath_AT1G77120.fasta;ath;Glycolysis;39;ath_AT4G22110.fasta;ath;Glycolysis;39;ath_AT5G24760.fasta;ath;Glycolysis;39;ath_AT5G42250.fasta;ath;Glycolysis;39;ath_AT5G43940.fasta;bsu;Glycolysis;2;bsu_BSU09310.fasta;bsu;Glycolysis;4;bsu_BSU22230.fasta;bsu;Glycolysis;4;bsu_BSU40120.fasta;bsu;Glycolysis;5;bsu_BSU24850.fasta;bsu;Glycolysis;7;bsu_BSU31350.fasta;bsu;Glycolysis;8;bsu_BSU31350.fasta;bsu;Glycolysis;9;bsu_BSU24850.fasta;bsu;Glycolysis;10;bsu_BSU31350.fasta;bsu;Glycolysis;11;bsu_BSU08200.fasta;bsu;Glycolysis;11;bsu_BSU22230.fasta;bsu;Glycolysis;12;bsu_BSU08200.fasta;bsu;Glycolysis;12;bsu_BSU22230.fasta;bsu;Glycolysis;13;bsu_BSU03410.fasta;bsu;Glycolysis;13;bsu_BSU05840.fasta;bsu;Glycolysis;13;bsu_BSU38560.fasta;bsu;Glycolysis;13;bsu_BSU39260.fasta;bsu;Glycolysis;13;bsu_BSU40110.fasta;bsu;Glycolysis;14;bsu_BSU03410.fasta;bsu;Glycolysis;14;bsu_BSU05840.fasta;bsu;Glycolysis;14;bsu_BSU38560.fasta;bsu;Glycolysis;14;bsu_BSU39260.fasta;bsu;Glycolysis;14;bsu_BSU40110.fasta;bsu;Glycolysis;15;bsu_BSU37090.fasta;bsu;Glycolysis;15;bsu_BSU40190.fasta;bsu;Glycolysis;16;bsu_BSU29190.fasta;bsu;Glycolysis;17;bsu_BSU37120.fasta;bsu;Glycolysis;18;bsu_BSU33920.fasta;bsu;Glycolysis;19;bsu_BSU29020.fasta;bsu;Glycolysis;19;bsu_BSU33940.fasta;bsu;Glycolysis;22;bsu_BSU33930.fasta;bsu;Glycolysis;24;bsu_BSU33910.fasta;bsu;Glycolysis;26;bsu_BSU33900.fasta;bsu;Glycolysis;27;bsu_BSU30560.fasta;bsu;Glycolysis;28;bsu_BSU29180.fasta;bsu;Glycolysis;30;bsu_BSU08080.fasta;bsu;Glycolysis;30;bsu_BSU14600.fasta;bsu;Glycolysis;31;bsu_BSU08060.fasta;bsu;Glycolysis;31;bsu_BSU08070.fasta;bsu;Glycolysis;31;bsu_BSU14580.fasta;bsu;Glycolysis;31;bsu_BSU14590.fasta;bsu;Glycolysis;32;bsu_BSU08060.fasta;bsu;Glycolysis;32;bsu_BSU08070.fasta;bsu;Glycolysis;32;bsu_BSU14580.fasta;bsu;Glycolysis;32;bsu_BSU14590.fasta;bsu;Glycolysis;33;bsu_BSU03050.fasta;bsu;Glycolysis;34;bsu_BSU29560.fasta;bsu;Glycolysis;34;bsu_BSU29680.fasta;bsu;Glycolysis;36;bsu_BSU08090.fasta;bsu;Glycolysis;36;bsu_BSU14610.fasta;bsu;Glycolysis;36;bsu_BSU24060.fasta;bsu;Glycolysis;38;bsu_BSU02470.fasta;bsu;Glycolysis;38;bsu_BSU07350.fasta;bsu;Glycolysis;38;bsu_BSU19310.fasta;bsu;Glycolysis;38;bsu_BSU37960.fasta;bsu;Glycolysis;38;bsu_BSU38830.fasta;bsu;Glycolysis;38;bsu_BSU39860.fasta;bsu;Glycolysis;39;bsu_BSU26970.fasta;cel;Glycolysis;2;cel_CELE_R05F9_6.fasta;cel;Glycolysis;2;cel_CELE_Y43F4B_5.fasta;cel;Glycolysis;5;cel_CELE_F14B4_2.fasta;cel;Glycolysis;5;cel_CELE_C50D2_7.fasta;cel;Glycolysis;6;cel_CELE_C01B4_6.fasta;cel;Glycolysis;6;cel_CELE_Y19D10A_16.fasta;cel;Glycolysis;7;cel_CELE_Y87G2A_8.fasta;cel;Glycolysis;8;cel_CELE_Y87G2A_8.fasta;cel;Glycolysis;9;cel_CELE_F14B4_2.fasta;cel;Glycolysis;9;cel_CELE_C50D2_7.fasta;cel;Glycolysis;10;cel_CELE_Y87G2A_8.fasta;cel;Glycolysis;15;cel_CELE_K07A3_1.fasta;cel;Glycolysis;16;cel_CELE_C50F4_2.fasta;cel;Glycolysis;16;cel_CELE_Y71H10A_1.fasta;cel;Glycolysis;17;cel_CELE_F01F1_12.fasta;cel;Glycolysis;17;cel_CELE_T05D4_1.fasta;cel;Glycolysis;18;cel_CELE_Y17G7B_7.fasta;cel;Glycolysis;19;cel_CELE_F33H1_2.fasta;cel;Glycolysis;19;cel_CELE_K10B3_7.fasta;cel;Glycolysis;19;cel_CELE_K10B3_8.fasta;cel;Glycolysis;19;cel_CELE_T09F3_3.fasta;cel;Glycolysis;22;cel_CELE_T03F1_3.fasta;cel;Glycolysis;24;cel_CELE_F57B10_3.fasta;cel;Glycolysis;26;cel_CELE_T21B10_2.fasta;cel;Glycolysis;27;cel_CELE_R11A5_4.fasta;cel;Glycolysis;27;cel_CELE_W05G11_6.fasta;cel;Glycolysis;28;cel_CELE_F25H5_3.fasta;cel;Glycolysis;30;cel_CELE_C30H6_7.fasta;cel;Glycolysis;30;cel_CELE_F23B12_5.fasta;cel;Glycolysis;31;cel_CELE_C04C3_3.fasta;cel;Glycolysis;31;cel_CELE_T05H10_6.fasta;cel;Glycolysis;32;cel_CELE_C04C3_3.fasta;cel;Glycolysis;32;cel_CELE_T05H10_6.fasta;cel;Glycolysis;33;cel_CELE_F13D12_2.fasta;cel;Glycolysis;34;cel_CELE_C36A4_9.fasta;cel;Glycolysis;36;cel_CELE_LLC1_3.fasta;cel;Glycolysis;38;cel_CELE_F01F1_6.fasta;cel;Glycolysis;38;cel_CELE_F54D8_3.fasta;cel;Glycolysis;38;cel_CELE_T05H4_13.fasta;cel;Glycolysis;38;cel_CELE_Y69F12A_2.fasta;cel;Glycolysis;38;cel_CELE_T08B1_3.fasta;cel;Glycolysis;39;cel_CELE_D2063_1.fasta;cel;Glycolysis;39;cel_CELE_H24K24_3.fasta;cel;Glycolysis;39;cel_CELE_K12G11_3.fasta;cel;Glycolysis;39;cel_CELE_K12G11_4.fasta;ctr;Glycolysis;7;ctr_CT_378.fasta;ctr;Glycolysis;8;ctr_CT_378.fasta;ctr;Glycolysis;10;ctr_CT_378.fasta;ctr;Glycolysis;16;ctr_CT_205.fasta;ctr;Glycolysis;17;ctr_CT_215.fasta;ctr;Glycolysis;18;ctr_CT_328.fasta;ctr;Glycolysis;19;ctr_CT_505.fasta;ctr;Glycolysis;22;ctr_CT_693.fasta;ctr;Glycolysis;24;ctr_CT_722.fasta;ctr;Glycolysis;26;ctr_CT_587.fasta;ctr;Glycolysis;27;ctr_CT_710.fasta;ctr;Glycolysis;28;ctr_CT_332.fasta;ctr;Glycolysis;30;ctr_CT_247.fasta;ctr;Glycolysis;31;ctr_CT_245.fasta;ctr;Glycolysis;31;ctr_CT_246.fasta;ctr;Glycolysis;32;ctr_CT_245.fasta;ctr;Glycolysis;32;ctr_CT_246.fasta;ctr;Glycolysis;36;ctr_CT_557.fasta;dme;Glycolysis;2;dme_Dmel_CG5165.fasta;dme;Glycolysis;2;dme_Dmel_CG8073.fasta;dme;Glycolysis;3;dme_Dmel_CG15400.fasta;dme;Glycolysis;5;dme_Dmel_CG3001.fasta;dme;Glycolysis;5;dme_Dmel_CG32849.fasta;dme;Glycolysis;5;dme_Dmel_CG33102.fasta;dme;Glycolysis;5;dme_Dmel_CG8094.fasta;dme;Glycolysis;5;dme_Dmel_CG6650.fasta;dme;Glycolysis;6;dme_Dmel_CG10467.fasta;dme;Glycolysis;6;dme_Dmel_CG10996.fasta;dme;Glycolysis;6;dme_Dmel_CG32444.fasta;dme;Glycolysis;6;dme_Dmel_CG32445.fasta;dme;Glycolysis;6;dme_Dmel_CG4988.fasta;dme;Glycolysis;7;dme_Dmel_CG9008.fasta;dme;Glycolysis;7;dme_Dmel_CG8251.fasta;dme;Glycolysis;8;dme_Dmel_CG8251.fasta;dme;Glycolysis;9;dme_Dmel_CG3001.fasta;dme;Glycolysis;9;dme_Dmel_CG32849.fasta;dme;Glycolysis;9;dme_Dmel_CG33102.fasta;dme;Glycolysis;9;dme_Dmel_CG8094.fasta;dme;Glycolysis;9;dme_Dmel_CG6650.fasta;dme;Glycolysis;10;dme_Dmel_CG8251.fasta;dme;Glycolysis;15;dme_Dmel_CG31692.fasta;dme;Glycolysis;16;dme_Dmel_CG4001.fasta;dme;Glycolysis;17;dme_Dmel_CG5432.fasta;dme;Glycolysis;17;dme_Dmel_CG6058.fasta;dme;Glycolysis;18;dme_Dmel_CG2171.fasta;dme;Glycolysis;19;dme_Dmel_CG12055.fasta;dme;Glycolysis;19;dme_Dmel_CG8893.fasta;dme;Glycolysis;19;dme_Dmel_CG9010.fasta;dme;Glycolysis;22;dme_Dmel_CG3127.fasta;dme;Glycolysis;22;dme_Dmel_CG9961.fasta;dme;Glycolysis;24;dme_Dmel_CG1721.fasta;dme;Glycolysis;24;dme_Dmel_CG17645.fasta;dme;Glycolysis;25;dme_Dmel_CG4123.fasta;dme;Glycolysis;25;dme_Dmel_CG4317.fasta;dme;Glycolysis;26;dme_Dmel_CG17654.fasta;dme;Glycolysis;27;dme_Dmel_CG10924.fasta;dme;Glycolysis;27;dme_Dmel_CG17725.fasta;dme;Glycolysis;28;dme_Dmel_CG11249.fasta;dme;Glycolysis;28;dme_Dmel_CG12229.fasta;dme;Glycolysis;28;dme_Dmel_CG2964.fasta;dme;Glycolysis;28;dme_Dmel_CG7069.fasta;dme;Glycolysis;28;dme_Dmel_CG7070.fasta;dme;Glycolysis;28;dme_Dmel_CG7362.fasta;dme;Glycolysis;30;dme_Dmel_CG5261.fasta;dme;Glycolysis;31;dme_Dmel_CG11876.fasta;dme;Glycolysis;31;dme_Dmel_CG7010.fasta;dme;Glycolysis;31;dme_Dmel_CG7024.fasta;dme;Glycolysis;32;dme_Dmel_CG11876.fasta;dme;Glycolysis;32;dme_Dmel_CG7010.fasta;dme;Glycolysis;32;dme_Dmel_CG7024.fasta;dme;Glycolysis;33;dme_Dmel_CG10160.fasta;dme;Glycolysis;33;dme_Dmel_CG13334.fasta;dme;Glycolysis;34;dme_Dmel_CG9390.fasta;dme;Glycolysis;36;dme_Dmel_CG7430.fasta;dme;Glycolysis;38;dme_Dmel_CG31075.fasta;dme;Glycolysis;38;dme_Dmel_CG3752.fasta;dme;Glycolysis;38;dme_Dmel_CG9629.fasta;dme;Glycolysis;38;dme_Dmel_CG11140.fasta;dme;Glycolysis;39;dme_Dmel_CG3481.fasta;dme;Glycolysis;39;dme_Dmel_CG6598.fasta;dme;Glycolysis;39;dme_Dmel_CG2767.fasta;eco;Glycolysis;1;eco_b1002.fasta;eco;Glycolysis;2;eco_b0688.fasta;eco;Glycolysis;4;eco_b1101.fasta;eco;Glycolysis;4;eco_b1621.fasta;eco;Glycolysis;4;eco_b2417.fasta;eco;Glycolysis;5;eco_b2388.fasta;eco;Glycolysis;6;eco_b0756.fasta;eco;Glycolysis;7;eco_b1780.fasta;eco;Glycolysis;7;eco_b4025.fasta;eco;Glycolysis;8;eco_b4025.fasta;eco;Glycolysis;9;eco_b2388.fasta;eco;Glycolysis;10;eco_b4025.fasta;eco;Glycolysis;11;eco_b2417.fasta;eco;Glycolysis;11;eco_b2715.fasta;eco;Glycolysis;12;eco_b2417.fasta;eco;Glycolysis;12;eco_b2715.fasta;eco;Glycolysis;13;eco_b1734.fasta;eco;Glycolysis;13;eco_b2716.fasta;eco;Glycolysis;13;eco_b2901.fasta;eco;Glycolysis;13;eco_b3721.fasta;eco;Glycolysis;14;eco_b1734.fasta;eco;Glycolysis;14;eco_b2716.fasta;eco;Glycolysis;14;eco_b2901.fasta;eco;Glycolysis;14;eco_b3721.fasta;eco;Glycolysis;15;eco_b3925.fasta;eco;Glycolysis;15;eco_b4232.fasta;eco;Glycolysis;16;eco_b1723.fasta;eco;Glycolysis;16;eco_b3916.fasta;eco;Glycolysis;17;eco_b2097.fasta;eco;Glycolysis;17;eco_b2925.fasta;eco;Glycolysis;18;eco_b3919.fasta;eco;Glycolysis;19;eco_b1779.fasta;eco;Glycolysis;22;eco_b2926.fasta;eco;Glycolysis;24;eco_b0755.fasta;eco;Glycolysis;24;eco_b3612.fasta;eco;Glycolysis;24;eco_b4395.fasta;eco;Glycolysis;26;eco_b2779.fasta;eco;Glycolysis;27;eco_b3403.fasta;eco;Glycolysis;28;eco_b1676.fasta;eco;Glycolysis;28;eco_b1854.fasta;eco;Glycolysis;30;eco_b0115.fasta;eco;Glycolysis;31;eco_b0114.fasta;eco;Glycolysis;32;eco_b0114.fasta;eco;Glycolysis;34;eco_b4069.fasta;eco;Glycolysis;36;eco_b0116.fasta;eco;Glycolysis;38;eco_b3588.fasta;eco;Glycolysis;39;eco_b0356.fasta;eco;Glycolysis;39;eco_b1241.fasta;eco;Glycolysis;39;eco_b1478.fasta;eco;Glycolysis;39;eco_b3589.fasta;eco;Glycolysis;39;eco_b2453.fasta;hpj;Glycolysis;2;hpj_jhp1196.fasta;hpj;Glycolysis;5;hpj_jhp1029.fasta;hpj;Glycolysis;7;hpj_jhp1093.fasta;hpj;Glycolysis;8;hpj_jhp1093.fasta;hpj;Glycolysis;9;hpj_jhp1029.fasta;hpj;Glycolysis;10;hpj_jhp1093.fasta;hpj;Glycolysis;15;hpj_jhp1440.fasta;hpj;Glycolysis;17;hpj_jhp0162.fasta;hpj;Glycolysis;18;hpj_jhp0180.fasta;hpj;Glycolysis;19;hpj_jhp0855.fasta;hpj;Glycolysis;19;hpj_jhp1265.fasta;hpj;Glycolysis;22;hpj_jhp1264.fasta;hpj;Glycolysis;24;hpj_jhp0908.fasta;hpj;Glycolysis;26;hpj_jhp0142.fasta;hpj;Glycolysis;29;hpj_jhp1035.fasta;hpj;Glycolysis;29;hpj_jhp1036.fasta;hpj;Glycolysis;29;hpj_jhp1037.fasta;hpj;Glycolysis;29;hpj_jhp1038.fasta;mtc;Glycolysis;2;mtc_MT3153.fasta;mtc;Glycolysis;5;mtc_MT2776.fasta;mtc;Glycolysis;5;mtc_MT0679.fasta;mtc;Glycolysis;7;mtc_MT0972.fasta;mtc;Glycolysis;8;mtc_MT0972.fasta;mtc;Glycolysis;9;mtc_MT2776.fasta;mtc;Glycolysis;9;mtc_MT0679.fasta;mtc;Glycolysis;10;mtc_MT0972.fasta;mtc;Glycolysis;15;mtc_MT1131.fasta;mtc;Glycolysis;16;mtc_MT2088.fasta;mtc;Glycolysis;16;mtc_MT3090.fasta;mtc;Glycolysis;17;mtc_MT0379.fasta;mtc;Glycolysis;18;mtc_MT1482.fasta;mtc;Glycolysis;19;mtc_MT1480.fasta;mtc;Glycolysis;22;mtc_MT1481.fasta;mtc;Glycolysis;24;mtc_MT0508.fasta;mtc;Glycolysis;24;mtc_MT2287.fasta;mtc;Glycolysis;24;mtc_MT2492.fasta;mtc;Glycolysis;24;mtc_MT3310.fasta;mtc;Glycolysis;24;mtc_MT3945.fasta;mtc;Glycolysis;26;mtc_MT1051.fasta;mtc;Glycolysis;27;mtc_MT0221.fasta;mtc;Glycolysis;28;mtc_MT1653.fasta;mtc;Glycolysis;30;mtc_MT2570.fasta;mtc;Glycolysis;31;mtc_MT0865.fasta;mtc;Glycolysis;31;mtc_MT2301.fasta;mtc;Glycolysis;31;mtc_MT2571.fasta;mtc;Glycolysis;31;mtc_MT2572.fasta;mtc;Glycolysis;32;mtc_MT0865.fasta;mtc;Glycolysis;32;mtc_MT2301.fasta;mtc;Glycolysis;32;mtc_MT2571.fasta;mtc;Glycolysis;32;mtc_MT2572.fasta;mtc;Glycolysis;34;mtc_MT3768.fasta;mtc;Glycolysis;36;mtc_MT0478.fasta;mtc;Glycolysis;36;mtc_MT0817.fasta;mtc;Glycolysis;36;mtc_MT3402.fasta;mtc;Glycolysis;38;mtc_MT0155.fasta;mtc;Glycolysis;38;mtc_MT0233.fasta;mtc;Glycolysis;38;mtc_MT0792.fasta;mtc;Glycolysis;38;mtc_MT3392.fasta;mtc;Glycolysis;38;mtc_MT0474.fasta;mtc;Glycolysis;39;mtc_MT0171.fasta;mtc;Glycolysis;39;mtc_MT0786.fasta;mtc;Glycolysis;39;mtc_MT1581.fasta;mtc;Glycolysis;39;mtc_MT1911.fasta;mtc;Glycolysis;39;mtc_MT3171.fasta;mpn;Glycolysis;4;mpn_MPN207.fasta;mpn;Glycolysis;7;mpn_MPN250.fasta;mpn;Glycolysis;8;mpn_MPN250.fasta;mpn;Glycolysis;10;mpn_MPN250.fasta;mpn;Glycolysis;11;mpn_MPN207.fasta;mpn;Glycolysis;12;mpn_MPN207.fasta;mpn;Glycolysis;16;mpn_MPN302.fasta;mpn;Glycolysis;17;mpn_MPN025.fasta;mpn;Glycolysis;18;mpn_MPN629.fasta;mpn;Glycolysis;22;mpn_MPN429.fasta;mpn;Glycolysis;24;mpn_MPN628.fasta;mpn;Glycolysis;26;mpn_MPN606.fasta;mpn;Glycolysis;28;mpn_MPN303.fasta;mpn;Glycolysis;30;mpn_MPN391.fasta;mpn;Glycolysis;31;mpn_MPN392.fasta;mpn;Glycolysis;31;mpn_MPN393.fasta;mpn;Glycolysis;32;mpn_MPN392.fasta;mpn;Glycolysis;32;mpn_MPN393.fasta;mpn;Glycolysis;33;mpn_MPN674.fasta;mpn;Glycolysis;36;mpn_MPN390.fasta;sce;Glycolysis;2;sce_YKL127W.fasta;sce;Glycolysis;2;sce_YMR105C.fasta;sce;Glycolysis;2;sce_YMR278W.fasta;sce;Glycolysis;5;sce_YCL040W.fasta;sce;Glycolysis;5;sce_YDR516C.fasta;sce;Glycolysis;5;sce_YFR053C.fasta;sce;Glycolysis;5;sce_YGL253W.fasta;sce;Glycolysis;5;sce_YLR446W.fasta;sce;Glycolysis;6;sce_YBR019C.fasta;sce;Glycolysis;7;sce_YMR099C.fasta;sce;Glycolysis;7;sce_YBR196C.fasta;sce;Glycolysis;8;sce_YBR196C.fasta;sce;Glycolysis;9;sce_YCL040W.fasta;sce;Glycolysis;9;sce_YDR516C.fasta;sce;Glycolysis;9;sce_YFR053C.fasta;sce;Glycolysis;9;sce_YGL253W.fasta;sce;Glycolysis;9;sce_YLR446W.fasta;sce;Glycolysis;10;sce_YBR196C.fasta;sce;Glycolysis;15;sce_YLR377C.fasta;sce;Glycolysis;16;sce_YGR240C.fasta;sce;Glycolysis;16;sce_YMR205C.fasta;sce;Glycolysis;17;sce_YKL060C.fasta;sce;Glycolysis;18;sce_YDR050C.fasta;sce;Glycolysis;19;sce_YGR192C.fasta;sce;Glycolysis;19;sce_YJL052W.fasta;sce;Glycolysis;19;sce_YJR009C.fasta;sce;Glycolysis;22;sce_YCR012W.fasta;sce;Glycolysis;24;sce_YDL021W.fasta;sce;Glycolysis;24;sce_YKL152C.fasta;sce;Glycolysis;24;sce_YOL056W.fasta;sce;Glycolysis;24;sce_YKR043C.fasta;sce;Glycolysis;24;sce_YOR283W.fasta;sce;Glycolysis;26;sce_YGR254W.fasta;sce;Glycolysis;26;sce_YHR174W.fasta;sce;Glycolysis;26;sce_YMR323W.fasta;sce;Glycolysis;26;sce_YOR393W.fasta;sce;Glycolysis;26;sce_YPL281C.fasta;sce;Glycolysis;27;sce_YKR097W.fasta;sce;Glycolysis;28;sce_YAL038W.fasta;sce;Glycolysis;28;sce_YOR347C.fasta;sce;Glycolysis;30;sce_YNL071W.fasta;sce;Glycolysis;31;sce_YBR221C.fasta;sce;Glycolysis;31;sce_YER178W.fasta;sce;Glycolysis;32;sce_YBR221C.fasta;sce;Glycolysis;32;sce_YER178W.fasta;sce;Glycolysis;32;sce_YDL080C.fasta;sce;Glycolysis;32;sce_YGR087C.fasta;sce;Glycolysis;32;sce_YLR044C.fasta;sce;Glycolysis;32;sce_YLR134W.fasta;sce;Glycolysis;34;sce_YAL054C.fasta;sce;Glycolysis;34;sce_YLR153C.fasta;sce;Glycolysis;36;sce_YFL018C.fasta;sce;Glycolysis;36;sce_YPL017C.fasta;sce;Glycolysis;37;sce_YDL080C.fasta;sce;Glycolysis;37;sce_YGR087C.fasta;sce;Glycolysis;37;sce_YLR044C.fasta;sce;Glycolysis;37;sce_YLR134W.fasta;sce;Glycolysis;38;sce_YER073W.fasta;sce;Glycolysis;38;sce_YMR110C.fasta;sce;Glycolysis;38;sce_YOR374W.fasta;sce;Glycolysis;38;sce_YPL061W.fasta;sce;Glycolysis;38;sce_YMR169C.fasta;sce;Glycolysis;38;sce_YMR170C.fasta;sce;Glycolysis;39;sce_YBR145W.fasta;sce;Glycolysis;39;sce_YDL168W.fasta;sce;Glycolysis;39;sce_YGL256W.fasta;sce;Glycolysis;39;sce_YMR083W.fasta;sce;Glycolysis;39;sce_YMR303C.fasta;sce;Glycolysis;39;sce_YOL086C.fasta;sce;Glycolysis;39;sce_YCR105W.fasta;sce;Glycolysis;39;sce_YMR318C.fasta;spo;Glycolysis;2;spo_SPBC32F12_10.fasta;spo;Glycolysis;2;spo_SPCC1840_05c.fasta;spo;Glycolysis;5;spo_SPAC24H6_04.fasta;spo;Glycolysis;5;spo_SPAC4F8_07c.fasta;spo;Glycolysis;6;spo_SPBPB2B2_12c.fasta;spo;Glycolysis;7;spo_SPBC1604_05.fasta;spo;Glycolysis;8;spo_SPBC1604_05.fasta;spo;Glycolysis;9;spo_SPAC4F8_07c.fasta;spo;Glycolysis;10;spo_SPBC1604_05.fasta;spo;Glycolysis;15;spo_SPBC1198_14c.fasta;spo;Glycolysis;16;spo_SPBC16H5_02.fasta;spo;Glycolysis;17;spo_SPBC19C2_07.fasta;spo;Glycolysis;18;spo_SPCC24B10_21.fasta;spo;Glycolysis;19;spo_SPBC32F12_11.fasta;spo;Glycolysis;19;spo_SPBC354_12.fasta;spo;Glycolysis;22;spo_SPBC14F5_04c.fasta;spo;Glycolysis;24;spo_SPAC26F1_06.fasta;spo;Glycolysis;24;spo_SPAC1687_21.fasta;spo;Glycolysis;26;spo_SPBC1815_01.fasta;spo;Glycolysis;26;spo_SPBPB21E7_01c.fasta;spo;Glycolysis;28;spo_SPAC4H3_10c.fasta;spo;Glycolysis;30;spo_SPCC794_07.fasta;spo;Glycolysis;31;spo_SPAC26F1_03.fasta;spo;Glycolysis;31;spo_SPBC30D10_13c.fasta;spo;Glycolysis;32;spo_SPAC26F1_03.fasta;spo;Glycolysis;32;spo_SPBC30D10_13c.fasta;spo;Glycolysis;32;spo_SPAC13A11_06.fasta;spo;Glycolysis;32;spo_SPAC186_09.fasta;spo;Glycolysis;32;spo_SPAC1F8_07c.fasta;spo;Glycolysis;32;spo_SPAC3G9_11c.fasta;spo;Glycolysis;33;spo_SPAC186_08c.fasta;spo;Glycolysis;34;spo_SPCC191_02c.fasta;spo;Glycolysis;36;spo_SPAC1002_09c.fasta;spo;Glycolysis;37;spo_SPAC13A11_06.fasta;spo;Glycolysis;37;spo_SPAC186_09.fasta;spo;Glycolysis;37;spo_SPAC1F8_07c.fasta;spo;Glycolysis;37;spo_SPAC3G9_11c.fasta;spo;Glycolysis;38;spo_SPAC9E9_09c.fasta;spo;Glycolysis;38;spo_SPAC922_07c.fasta;spo;Glycolysis;39;spo_SPAC5H10_06c.fasta;spo;Glycolysis;39;spo_SPBC1539_07c.fasta;spo;Glycolysis;39;spo_SPCC13B11_01.fasta;spo;Glycolysis;39;spo_SPCC13B11_04c.fasta;spo;Glycolysis;39;spo_SPAC26F1_07.fasta;atf;Alanine;1;atf_Ach5_12080.fasta;atf;Alanine;9;atf_Ach5_40320.fasta;atf;Alanine;12;atf_Ach5_23150.fasta;atf;Alanine;13;atf_Ach5_25530.fasta;atf;Alanine;14;atf_Ach5_35840.fasta;atf;Alanine;19;atf_Ach5_28000.fasta;atf;Alanine;19;atf_Ach5_35860.fasta;atf;Alanine;20;atf_Ach5_17600.fasta;atf;Alanine;21;atf_Ach5_34460.fasta;atf;Alanine;22;atf_Ach5_38600.fasta;atf;Alanine;22;atf_Ach5_46390.fasta;atf;Alanine;25;atf_Ach5_38760.fasta;atf;Alanine;26;atf_Ach5_20750.fasta;atf;Alanine;26;atf_Ach5_37210.fasta;atf;Alanine;30;atf_Ach5_32650.fasta;atf;Alanine;30;atf_Ach5_33560.fasta;atf;Alanine;30;atf_Ach5_48230.fasta;atf;Alanine;30;atf_Ach5_32650.fasta;atf;Alanine;30;atf_Ach5_33560.fasta;atf;Alanine;30;atf_Ach5_48230.fasta;atf;Alanine;31;atf_Ach5_26490.fasta;atf;Alanine;32;atf_Ach5_01300.fasta;atf;Alanine;32;atf_Ach5_35740.fasta;atf;Alanine;32;atf_Ach5_35750.fasta;atf;Alanine;33;atf_Ach5_17130.fasta;atf;Alanine;33;atf_Ach5_24920.fasta;atf;Alanine;34;atf_Ach5_31520.fasta;atf;Alanine;36;atf_Ach5_01770.fasta;atf;Alanine;36;atf_Ach5_05270.fasta;atf;Alanine;36;atf_Ach5_16970.fasta;atf;Alanine;36;atf_Ach5_20250.fasta;atf;Alanine;36;atf_Ach5_22830.fasta;atf;Alanine;36;atf_Ach5_36150.fasta;atf;Alanine;37;atf_Ach5_17790.fasta;atf;Alanine;38;atf_Ach5_09940.fasta;atf;Alanine;39;atf_Ach5_39300.fasta;atf;Alanine;40;atf_Ach5_20520.fasta;atf;Alanine;40;atf_Ach5_20590.fasta;ath;Alanine;1;ath_AT3G20330.fasta;ath;Alanine;9;ath_AT3G47340.fasta;ath;Alanine;9;ath_AT5G10240.fasta;ath;Alanine;9;ath_AT5G65010.fasta;ath;Alanine;12;ath_AT3G57610.fasta;ath;Alanine;13;ath_AT4G24830.fasta;ath;Alanine;16;ath_AT1G23310.fasta;ath;Alanine;16;ath_AT1G70580.fasta;ath;Alanine;16;ath_AT2G13360.fasta;ath;Alanine;16;ath_AT2G38400.fasta;ath;Alanine;16;ath_AT3G08860.fasta;ath;Alanine;16;ath_AT4G39660.fasta;ath;Alanine;17;ath_AT1G17290.fasta;ath;Alanine;17;ath_AT1G23310.fasta;ath;Alanine;17;ath_AT1G70580.fasta;ath;Alanine;17;ath_AT1G72330.fasta;ath;Alanine;20;ath_AT1G36280.fasta;ath;Alanine;20;ath_AT4G18440.fasta;ath;Alanine;21;ath_AT5G10920.fasta;ath;Alanine;24;ath_AT5G12040.fasta;ath;Alanine;25;ath_AT5G14760.fasta;ath;Alanine;26;ath_AT1G62800.fasta;ath;Alanine;26;ath_AT2G30970.fasta;ath;Alanine;26;ath_AT4G31990.fasta;ath;Alanine;26;ath_AT5G11520.fasta;ath;Alanine;26;ath_AT5G19550.fasta;ath;Alanine;28;ath_AT5G12040.fasta;ath;Alanine;30;ath_AT1G79440.fasta;ath;Alanine;31;ath_AT3G03910.fasta;ath;Alanine;31;ath_AT5G07440.fasta;ath;Alanine;31;ath_AT5G18170.fasta;ath;Alanine;32;ath_AT5G53460.fasta;ath;Alanine;32;ath_AT5G53460.fasta;ath;Alanine;33;ath_AT3G24090.fasta;ath;Alanine;34;ath_AT3G22200.fasta;ath;Alanine;35;ath_AT1G65960.fasta;ath;Alanine;35;ath_AT2G02000.fasta;ath;Alanine;35;ath_AT2G02010.fasta;ath;Alanine;35;ath_AT3G17760.fasta;ath;Alanine;35;ath_AT5G17330.fasta;ath;Alanine;36;ath_AT1G48470.fasta;ath;Alanine;36;ath_AT3G17820.fasta;ath;Alanine;36;ath_AT5G16570.fasta;ath;Alanine;36;ath_AT5G35630.fasta;ath;Alanine;36;ath_AT5G37600.fasta;ath;Alanine;38;ath_AT2G16570.fasta;ath;Alanine;38;ath_AT4G34740.fasta;ath;Alanine;38;ath_AT4G38880.fasta;ath;Alanine;39;ath_AT5G62530.fasta;ath;Alanine;40;ath_AT1G29900.fasta;ath;Alanine;40;ath_AT3G27740.fasta;bsu;Alanine;1;bsu_BSU15490.fasta;bsu;Alanine;9;bsu_BSU10790.fasta;bsu;Alanine;9;bsu_BSU30540.fasta;bsu;Alanine;9;bsu_BSU39920.fasta;bsu;Alanine;12;bsu_BSU40420.fasta;bsu;Alanine;13;bsu_BSU29450.fasta;bsu;Alanine;14;bsu_BSU02690.fasta;bsu;Alanine;14;bsu_BSU23580.fasta;bsu;Alanine;18;bsu_BSU31930.fasta;bsu;Alanine;19;bsu_BSU23570.fasta;bsu;Alanine;20;bsu_BSU06440.fasta;bsu;Alanine;21;bsu_BSU29440.fasta;bsu;Alanine;22;bsu_BSU34430.fasta;bsu;Alanine;25;bsu_BSU27870.fasta;bsu;Alanine;26;bsu_BSU09570.fasta;bsu;Alanine;26;bsu_BSU22370.fasta;bsu;Alanine;30;bsu_BSU03910.fasta;bsu;Alanine;30;bsu_BSU03910.fasta;bsu;Alanine;31;bsu_BSU22960.fasta;bsu;Alanine;31;bsu_BSU37790.fasta;bsu;Alanine;32;bsu_BSU18440.fasta;bsu;Alanine;32;bsu_BSU18450.fasta;bsu;Alanine;32;bsu_BSU18440.fasta;bsu;Alanine;32;bsu_BSU18450.fasta;bsu;Alanine;33;bsu_BSU01780.fasta;bsu;Alanine;33;bsu_BSU01900.fasta;bsu;Alanine;34;bsu_BSU03900.fasta;bsu;Alanine;36;bsu_BSU17460.fasta;bsu;Alanine;37;bsu_BSU02430.fasta;bsu;Alanine;37;bsu_BSU14830.fasta;bsu;Alanine;38;bsu_BSU06490.fasta;bsu;Alanine;39;bsu_BSU03210.fasta;bsu;Alanine;39;bsu_BSU37780.fasta;bsu;Alanine;40;bsu_BSU11230.fasta;bsu;Alanine;40;bsu_BSU11240.fasta;bsu;Alanine;40;bsu_BSU15510.fasta;bsu;Alanine;40;bsu_BSU15520.fasta;cel;Alanine;1;cel_CELE_D2085_1.fasta;cel;Alanine;9;cel_CELE_F25G6_6.fasta;cel;Alanine;9;cel_CELE_M02D8_4.fasta;cel;Alanine;12;cel_CELE_C37H5_6.fasta;cel;Alanine;16;cel_CELE_T09B4_8.fasta;cel;Alanine;16;cel_CELE_T14D7_1.fasta;cel;Alanine;17;cel_CELE_C32F10_8.fasta;cel;Alanine;20;cel_CELE_R06C7_5.fasta;cel;Alanine;23;cel_CELE_C47A10_5.fasta;cel;Alanine;23;cel_CELE_F18E3_7.fasta;cel;Alanine;26;cel_CELE_C14E2_2.fasta;cel;Alanine;26;cel_CELE_C14F11_1.fasta;cel;Alanine;26;cel_CELE_C44E4_3.fasta;cel;Alanine;26;cel_CELE_T01C8_5.fasta;cel;Alanine;30;cel_CELE_F45H10_1.fasta;cel;Alanine;31;cel_CELE_ZK829_4.fasta;cel;Alanine;32;cel_CELE_W07E11_1.fasta;cel;Alanine;32;cel_CELE_W07E11_1.fasta;cel;Alanine;33;cel_CELE_F07A11_2.fasta;cel;Alanine;33;cel_CELE_F22B3_4.fasta;cel;Alanine;34;cel_CELE_K04D7_3.fasta;cel;Alanine;35;cel_CELE_Y37D8A_23.fasta;cel;Alanine;36;cel_CELE_C28D4_3.fasta;cel;Alanine;36;cel_CELE_C45B2_5.fasta;cel;Alanine;36;cel_CELE_F26D10_10.fasta;cel;Alanine;36;cel_CELE_K03H1_1.fasta;cel;Alanine;36;cel_CELE_Y105C5B_28.fasta;cel;Alanine;37;cel_CELE_DH11_1.fasta;cel;Alanine;37;cel_CELE_F30F8_2.fasta;cel;Alanine;38;cel_CELE_T04A8_5.fasta;cel;Alanine;39;cel_CELE_F56D12_1.fasta;cel;Alanine;40;cel_CELE_D2085_1.fasta;dme;Alanine;1;dme_Dmel_CG18572.fasta;dme;Alanine;9;dme_Dmel_CG33486.fasta;dme;Alanine;12;dme_Dmel_CG17273.fasta;dme;Alanine;13;dme_Dmel_CG1315.fasta;dme;Alanine;16;dme_Dmel_CG11241.fasta;dme;Alanine;16;dme_Dmel_CG3926.fasta;dme;Alanine;17;dme_Dmel_CG1640.fasta;dme;Alanine;20;dme_Dmel_CG3590.fasta;dme;Alanine;21;dme_Dmel_CG9510.fasta;dme;Alanine;23;dme_Dmel_CG12338.fasta;dme;Alanine;24;dme_Dmel_CG8132.fasta;dme;Alanine;26;dme_Dmel_CG4233.fasta;dme;Alanine;26;dme_Dmel_CG8430.fasta;dme;Alanine;28;dme_Dmel_CG8132.fasta;dme;Alanine;30;dme_Dmel_CG4685.fasta;dme;Alanine;31;dme_Dmel_CG4434.fasta;dme;Alanine;31;dme_Dmel_CG5320.fasta;dme;Alanine;32;dme_Dmel_CG9674.fasta;dme;Alanine;32;dme_Dmel_CG9674.fasta;dme;Alanine;33;dme_Dmel_CG12449.fasta;dme;Alanine;33;dme_Dmel_CG1345.fasta;dme;Alanine;34;dme_Dmel_CG7433.fasta;dme;Alanine;35;dme_Dmel_CG14994.fasta;dme;Alanine;35;dme_Dmel_CG7811.fasta;dme;Alanine;36;dme_Dmel_CG1743.fasta;dme;Alanine;36;dme_Dmel_CG2718.fasta;dme;Alanine;37;dme_Dmel_CG42708.fasta;dme;Alanine;38;dme_Dmel_CG10078.fasta;dme;Alanine;38;dme_Dmel_CG2867.fasta;dme;Alanine;39;dme_Dmel_CG6661.fasta;dme;Alanine;39;dme_Dmel_CG7145.fasta;dme;Alanine;40;dme_Dmel_CG18572.fasta;eco;Alanine;1;eco_b4244.fasta;eco;Alanine;1;eco_b4245.fasta;eco;Alanine;9;eco_b0674.fasta;eco;Alanine;11;eco_b3744.fasta;eco;Alanine;12;eco_b4177.fasta;eco;Alanine;13;eco_b3172.fasta;eco;Alanine;14;eco_b1767.fasta;eco;Alanine;14;eco_b2957.fasta;eco;Alanine;17;eco_b2290.fasta;eco;Alanine;19;eco_b4139.fasta;eco;Alanine;20;eco_b1131.fasta;eco;Alanine;21;eco_b3960.fasta;eco;Alanine;25;eco_b2574.fasta;eco;Alanine;26;eco_b0928.fasta;eco;Alanine;30;eco_b1525.fasta;eco;Alanine;30;eco_b2661.fasta;eco;Alanine;30;eco_b2661.fasta;eco;Alanine;30;eco_b1525.fasta;eco;Alanine;30;eco_b2661.fasta;eco;Alanine;31;eco_b1761.fasta;eco;Alanine;32;eco_b3212.fasta;eco;Alanine;32;eco_b3213.fasta;eco;Alanine;32;eco_b3212.fasta;eco;Alanine;32;eco_b3213.fasta;eco;Alanine;33;eco_b3729.fasta;eco;Alanine;34;eco_b1302.fasta;eco;Alanine;34;eco_b2662.fasta;eco;Alanine;35;eco_b1493.fasta;eco;Alanine;35;eco_b3517.fasta;eco;Alanine;36;eco_b3870.fasta;eco;Alanine;37;eco_b0485.fasta;eco;Alanine;37;eco_b1524.fasta;eco;Alanine;38;eco_b2312.fasta;eco;Alanine;39;eco_b1014.fasta;eco;Alanine;40;eco_b0032.fasta;eco;Alanine;40;eco_b0033.fasta;hpj;Alanine;1;hpj_jhp0341.fasta;hpj;Alanine;12;hpj_jhp0239.fasta;hpj;Alanine;14;hpj_jhp0661.fasta;hpj;Alanine;18;hpj_jhp1428.fasta;hpj;Alanine;19;hpj_jhp0594.fasta;hpj;Alanine;20;hpj_jhp1039.fasta;hpj;Alanine;26;hpj_jhp0615.fasta;hpj;Alanine;31;hpj_jhp1001.fasta;hpj;Alanine;33;hpj_jhp1420.fasta;hpj;Alanine;36;hpj_jhp0461.fasta;hpj;Alanine;39;hpj_jhp0048.fasta;hpj;Alanine;40;hpj_jhp0853.fasta;hpj;Alanine;40;hpj_jhp1158.fasta;hsa;Alanine;1;hsa_790.fasta;hsa;Alanine;3;hsa_339983.fasta;hsa;Alanine;4;hsa_284716.fasta;hsa;Alanine;4;hsa_57494.fasta;hsa;Alanine;4;hsa_284716.fasta;hsa;Alanine;4;hsa_57494.fasta;hsa;Alanine;5;hsa_284716.fasta;hsa;Alanine;5;hsa_57494.fasta;hsa;Alanine;6;hsa_443.fasta;hsa;Alanine;7;hsa_2346.fasta;hsa;Alanine;8;hsa_2346.fasta;hsa;Alanine;9;hsa_440.fasta;hsa;Alanine;12;hsa_122622.fasta;hsa;Alanine;12;hsa_159.fasta;hsa;Alanine;13;hsa_445.fasta;hsa;Alanine;16;hsa_189.fasta;hsa;Alanine;16;hsa_64902.fasta;hsa;Alanine;17;hsa_2875.fasta;hsa;Alanine;17;hsa_84706.fasta;hsa;Alanine;20;hsa_158.fasta;hsa;Alanine;21;hsa_435.fasta;hsa;Alanine;23;hsa_8528.fasta;hsa;Alanine;24;hsa_56954.fasta;hsa;Alanine;25;hsa_259307.fasta;hsa;Alanine;26;hsa_2805.fasta;hsa;Alanine;26;hsa_2806.fasta;hsa;Alanine;27;hsa_57494.fasta;hsa;Alanine;28;hsa_56954.fasta;hsa;Alanine;30;hsa_7915.fasta;hsa;Alanine;31;hsa_2746.fasta;hsa;Alanine;31;hsa_2747.fasta;hsa;Alanine;33;hsa_2673.fasta;hsa;Alanine;33;hsa_9945.fasta;hsa;Alanine;34;hsa_18.fasta;hsa;Alanine;35;hsa_2571.fasta;hsa;Alanine;35;hsa_2572.fasta;hsa;Alanine;36;hsa_2752.fasta;hsa;Alanine;37;hsa_27165.fasta;hsa;Alanine;37;hsa_2744.fasta;hsa;Alanine;38;hsa_5471.fasta;hsa;Alanine;39;hsa_8659.fasta;hsa;Alanine;40;hsa_790.fasta;hsa;Alanine;41;hsa_1373.fasta;mtc;Alanine;1;mtc_MT1424.fasta;mtc;Alanine;9;mtc_MT2257.fasta;mtc;Alanine;12;mtc_MT0373.fasta;mtc;Alanine;13;mtc_MT1696.fasta;mtc;Alanine;14;mtc_MT1590.fasta;mtc;Alanine;17;mtc_MT0351.fasta;mtc;Alanine;18;mtc_MT2850.fasta;mtc;Alanine;20;mtc_MT0801.fasta;mtc;Alanine;21;mtc_MT1697.fasta;mtc;Alanine;25;mtc_MT1631.fasta;mtc;Alanine;30;mtc_MT0245.fasta;mtc;Alanine;30;mtc_MT1772.fasta;mtc;Alanine;30;mtc_MT0245.fasta;mtc;Alanine;30;mtc_MT1772.fasta;mtc;Alanine;31;mtc_MT2551.fasta;mtc;Alanine;32;mtc_MT3973.fasta;mtc;Alanine;32;mtc_MT3974.fasta;mtc;Alanine;32;mtc_MT3973.fasta;mtc;Alanine;32;mtc_MT3974.fasta;mtc;Alanine;33;mtc_MT3542.fasta;mtc;Alanine;34;mtc_MT2666.fasta;mtc;Alanine;35;mtc_MT3538.fasta;mtc;Alanine;36;mtc_MT1927.fasta;mtc;Alanine;36;mtc_MT2278.fasta;mtc;Alanine;36;mtc_MT2280.fasta;mtc;Alanine;36;mtc_MT2928.fasta;mtc;Alanine;38;mtc_MT0829.fasta;mtc;Alanine;39;mtc_MT1224.fasta;mtc;Alanine;40;mtc_MT1427.fasta;sce;Alanine;1;sce_YJL130C.fasta;sce;Alanine;9;sce_YGR124W.fasta;sce;Alanine;9;sce_YPR145W.fasta;sce;Alanine;12;sce_YNL220W.fasta;sce;Alanine;13;sce_YOL058W.fasta;sce;Alanine;14;sce_YDR321W.fasta;sce;Alanine;14;sce_YLR155C.fasta;sce;Alanine;14;sce_YLR157C.fasta;sce;Alanine;14;sce_YLR158C.fasta;sce;Alanine;14;sce_YLR160C.fasta;sce;Alanine;16;sce_YFL030W.fasta;sce;Alanine;17;sce_YDR111C.fasta;sce;Alanine;17;sce_YLR089C.fasta;sce;Alanine;20;sce_YLR359W.fasta;sce;Alanine;21;sce_YHR018C.fasta;sce;Alanine;26;sce_YKL106W.fasta;sce;Alanine;26;sce_YLR027C.fasta;sce;Alanine;30;sce_YBR006W.fasta;sce;Alanine;30;sce_YBR006W.fasta;sce;Alanine;31;sce_YDL215C.fasta;sce;Alanine;31;sce_YAL062W.fasta;sce;Alanine;31;sce_YOR375C.fasta;sce;Alanine;32;sce_YDL171C.fasta;sce;Alanine;32;sce_YDL171C.fasta;sce;Alanine;33;sce_YKL104C.fasta;sce;Alanine;34;sce_YGR019W.fasta;sce;Alanine;35;sce_YMR250W.fasta;sce;Alanine;36;sce_YPR035W.fasta;sce;Alanine;38;sce_YMR300C.fasta;sce;Alanine;39;sce_YHR037W.fasta;sce;Alanine;40;sce_YJL130C.fasta;sce;Alanine;40;sce_YJR109C.fasta;sce;Alanine;40;sce_YOR303W.fasta;spo;Alanine;1;spo_SPAC22G7_06c.fasta;spo;Alanine;9;spo_SPBC119_10.fasta;spo;Alanine;12;spo_SPAC144_03.fasta;spo;Alanine;13;spo_SPBC428_05c.fasta;spo;Alanine;14;spo_SPAC186_03.fasta;spo;Alanine;14;spo_SPAC977_12.fasta;spo;Alanine;14;spo_SPBPB21E7_09.fasta;spo;Alanine;14;spo_SPBPB8B6_05c.fasta;spo;Alanine;17;spo_SPBC582_08.fasta;spo;Alanine;20;spo_SPBC14F5_09c.fasta;spo;Alanine;21;spo_SPBC1539_03c.fasta;spo;Alanine;21;spo_SPBC1773_14.fasta;spo;Alanine;26;spo_SPAC10F6_13c.fasta;spo;Alanine;26;spo_SPBC725_01.fasta;spo;Alanine;30;spo_SPAC1002_12c.fasta;spo;Alanine;30;spo_SPAC139_05.fasta;spo;Alanine;30;spo_SPAC1002_12c.fasta;spo;Alanine;30;spo_SPAC139_05.fasta;spo;Alanine;31;spo_SPCC132_04c.fasta;spo;Alanine;31;spo_SPCC622_12c.fasta;spo;Alanine;32;spo_SPAPB1E7_07.fasta;spo;Alanine;32;spo_SPAPB1E7_07.fasta;spo;Alanine;33;spo_SPBC12C2_11.fasta;spo;Alanine;36;spo_SPAC23H4_06.fasta;spo;Alanine;38;spo_SPAC4D7_08c.fasta;spo;Alanine;39;spo_SPBC24C6_04.fasta;spo;Alanine;40;spo_SPAC22G7_06c.fasta;spo;Alanine;40;spo_SPBC215_08c.fasta;spo;Alanine;40;spo_SPBC56F2_09c.fasta;atf;Propanoate;3;atf_Ach5_49700.fasta;atf;Propanoate;5;atf_Ach5_26290.fasta;atf;Propanoate;5;atf_Ach5_48360.fasta;atf;Propanoate;9;atf_Ach5_26290.fasta;atf;Propanoate;9;atf_Ach5_48360.fasta;atf;Propanoate;15;atf_Ach5_00200.fasta;atf;Propanoate;15;atf_Ach5_12280.fasta;atf;Propanoate;15;atf_Ach5_12290.fasta;atf;Propanoate;15;atf_Ach5_34780.fasta;atf;Propanoate;15;atf_Ach5_36930.fasta;atf;Propanoate;15;atf_Ach5_37150.fasta;atf;Propanoate;15;atf_Ach5_37160.fasta;atf;Propanoate;17;atf_Ach5_01870.fasta;atf;Propanoate;20;atf_Ach5_02980.fasta;atf;Propanoate;20;atf_Ach5_04300.fasta;atf;Propanoate;20;atf_Ach5_33620.fasta;atf;Propanoate;22;atf_Ach5_04290.fasta;atf;Propanoate;22;atf_Ach5_26520.fasta;atf;Propanoate;22;atf_Ach5_27820.fasta;atf;Propanoate;22;atf_Ach5_33340.fasta;atf;Propanoate;22;atf_Ach5_48330.fasta;atf;Propanoate;25;atf_Ach5_31780.fasta;atf;Propanoate;38;atf_Ach5_01700.fasta;atf;Propanoate;40;atf_Ach5_34290.fasta;atf;Propanoate;40;atf_Ach5_34330.fasta;atf;Propanoate;40;atf_Ach5_36930.fasta;atf;Propanoate;43;atf_Ach5_01870.fasta;atf;Propanoate;46;atf_Ach5_34270.fasta;atf;Propanoate;48;atf_Ach5_34280.fasta;atf;Propanoate;49;atf_Ach5_25220.fasta;atf;Propanoate;49;atf_Ach5_25230.fasta;atf;Propanoate;51;atf_Ach5_40300.fasta;ath;Propanoate;2;ath_AT4G17260.fasta;ath;Propanoate;5;ath_AT5G36880.fasta;ath;Propanoate;9;ath_AT5G36880.fasta;ath;Propanoate;13;ath_AT4G04320.fasta;ath;Propanoate;15;ath_AT1G36160.fasta;ath;Propanoate;15;ath_AT2G38040.fasta;ath;Propanoate;15;ath_AT5G15530.fasta;ath;Propanoate;15;ath_AT5G16390.fasta;ath;Propanoate;15;ath_AT5G35360.fasta;ath;Propanoate;15;ath_ATCG00500.fasta;ath;Propanoate;17;ath_AT2G14170.fasta;ath;Propanoate;19;ath_AT1G06550.fasta;ath;Propanoate;19;ath_AT2G30650.fasta;ath;Propanoate;19;ath_AT2G30660.fasta;ath;Propanoate;19;ath_AT3G60510.fasta;ath;Propanoate;19;ath_AT4G31810.fasta;ath;Propanoate;19;ath_AT5G65940.fasta;ath;Propanoate;21;ath_AT3G06810.fasta;ath;Propanoate;22;ath_AT5G47720.fasta;ath;Propanoate;22;ath_AT5G48230.fasta;ath;Propanoate;43;ath_AT2G14170.fasta;ath;Propanoate;49;ath_AT2G20420.fasta;ath;Propanoate;49;ath_AT5G08300.fasta;ath;Propanoate;49;ath_AT5G23250.fasta;ath;Propanoate;49;ath_AT2G20420.fasta;ath;Propanoate;49;ath_AT5G08300.fasta;ath;Propanoate;49;ath_AT5G23250.fasta;bsu;Propanoate;2;bsu_BSU03050.fasta;bsu;Propanoate;3;bsu_BSU29470.fasta;bsu;Propanoate;5;bsu_BSU29560.fasta;bsu;Propanoate;5;bsu_BSU29680.fasta;bsu;Propanoate;6;bsu_BSU37660.fasta;bsu;Propanoate;9;bsu_BSU29560.fasta;bsu;Propanoate;9;bsu_BSU29680.fasta;bsu;Propanoate;15;bsu_BSU18240.fasta;bsu;Propanoate;15;bsu_BSU24340.fasta;bsu;Propanoate;15;bsu_BSU24350.fasta;bsu;Propanoate;15;bsu_BSU29200.fasta;bsu;Propanoate;15;bsu_BSU29210.fasta;bsu;Propanoate;17;bsu_BSU39760.fasta;bsu;Propanoate;22;bsu_BSU10350.fasta;bsu;Propanoate;22;bsu_BSU24170.fasta;bsu;Propanoate;25;bsu_BSU03900.fasta;bsu;Propanoate;38;bsu_BSU22480.fasta;bsu;Propanoate;40;bsu_BSU23920.fasta;bsu;Propanoate;43;bsu_BSU39760.fasta;bsu;Propanoate;46;bsu_BSU23930.fasta;bsu;Propanoate;49;bsu_BSU16090.fasta;bsu;Propanoate;50;bsu_BSU24120.fasta;bsu;Propanoate;52;bsu_BSU24130.fasta;cel;Propanoate;2;cel_CELE_F13D12_2.fasta;cel;Propanoate;5;cel_CELE_C36A4_9.fasta;cel;Propanoate;9;cel_CELE_C36A4_9.fasta;cel;Propanoate;13;cel_CELE_F35G12_1.fasta;cel;Propanoate;15;cel_CELE_W09B6_1.fasta;cel;Propanoate;17;cel_CELE_F13D12_4.fasta;cel;Propanoate;19;cel_CELE_F09F7_4.fasta;cel;Propanoate;20;cel_CELE_C29F3_1.fasta;cel;Propanoate;20;cel_CELE_T05G5_6.fasta;cel;Propanoate;20;cel_CELE_T08B2_7.fasta;cel;Propanoate;21;cel_CELE_K05F1_3.fasta;cel;Propanoate;21;cel_CELE_T25G12_5.fasta;cel;Propanoate;22;cel_CELE_T02G5_7.fasta;cel;Propanoate;22;cel_CELE_T02G5_8.fasta;cel;Propanoate;40;cel_CELE_F27D9_5.fasta;cel;Propanoate;40;cel_CELE_F52E4_1.fasta;cel;Propanoate;43;cel_CELE_F13D12_4.fasta;cel;Propanoate;46;cel_CELE_D2030_5.fasta;cel;Propanoate;48;cel_CELE_ZK1058_1.fasta;cel;Propanoate;49;cel_CELE_C05G5_4.fasta;cel;Propanoate;49;cel_CELE_C50F7_4.fasta;cel;Propanoate;49;cel_CELE_F23H11_3.fasta;cel;Propanoate;49;cel_CELE_F47B10_1.fasta;cel;Propanoate;50;cel_CELE_C05G5_4.fasta;cel;Propanoate;50;cel_CELE_C50F7_4.fasta;cel;Propanoate;50;cel_CELE_F23H11_3.fasta;cel;Propanoate;50;cel_CELE_F47B10_1.fasta;ctr;Propanoate;15;ctr_CT_123.fasta;ctr;Propanoate;15;ctr_CT_124.fasta;ctr;Propanoate;15;ctr_CT_265.fasta;ctr;Propanoate;15;ctr_CT_293.fasta;ctr;Propanoate;49;ctr_CT_821.fasta;ctr;Propanoate;49;ctr_CT_822.fasta;dme;Propanoate;2;dme_Dmel_CG10160.fasta;dme;Propanoate;2;dme_Dmel_CG13334.fasta;dme;Propanoate;5;dme_Dmel_CG9390.fasta;dme;Propanoate;5;dme_Dmel_CG6432.fasta;dme;Propanoate;9;dme_Dmel_CG9390.fasta;dme;Propanoate;9;dme_Dmel_CG6432.fasta;dme;Propanoate;15;dme_Dmel_CG11198.fasta;dme;Propanoate;17;dme_Dmel_CG17896.fasta;dme;Propanoate;19;dme_Dmel_CG5044.fasta;dme;Propanoate;20;dme_Dmel_CG4389.fasta;dme;Propanoate;20;dme_Dmel_CG6543.fasta;dme;Propanoate;21;dme_Dmel_CG12262.fasta;dme;Propanoate;22;dme_Dmel_CG10932.fasta;dme;Propanoate;22;dme_Dmel_CG9149.fasta;dme;Propanoate;25;dme_Dmel_CG7433.fasta;dme;Propanoate;43;dme_Dmel_CG17896.fasta;dme;Propanoate;49;dme_Dmel_CG10622.fasta;dme;Propanoate;49;dme_Dmel_CG1065.fasta;dme;Propanoate;49;dme_Dmel_CG11963.fasta;dme;Propanoate;49;dme_Dmel_CG6255.fasta;dme;Propanoate;49;dme_Dmel_CG10622.fasta;dme;Propanoate;49;dme_Dmel_CG1065.fasta;dme;Propanoate;49;dme_Dmel_CG11963.fasta;dme;Propanoate;49;dme_Dmel_CG6255.fasta;eco;Propanoate;3;eco_b2296.fasta;eco;Propanoate;3;eco_b3115.fasta;eco;Propanoate;5;eco_b4069.fasta;eco;Propanoate;5;eco_b0335.fasta;eco;Propanoate;6;eco_b2297.fasta;eco;Propanoate;9;eco_b4069.fasta;eco;Propanoate;9;eco_b0335.fasta;eco;Propanoate;10;eco_b0823.fasta;eco;Propanoate;10;eco_b0903.fasta;eco;Propanoate;10;eco_b3114.fasta;eco;Propanoate;10;eco_b3951.fasta;eco;Propanoate;15;eco_b0185.fasta;eco;Propanoate;15;eco_b2316.fasta;eco;Propanoate;15;eco_b3255.fasta;eco;Propanoate;15;eco_b3256.fasta;eco;Propanoate;20;eco_b1393.fasta;eco;Propanoate;20;eco_b2341.fasta;eco;Propanoate;20;eco_b3846.fasta;eco;Propanoate;22;eco_b2224.fasta;eco;Propanoate;22;eco_b2844.fasta;eco;Propanoate;23;eco_b2221.fasta;eco;Propanoate;23;eco_b2222.fasta;eco;Propanoate;25;eco_b1302.fasta;eco;Propanoate;25;eco_b2662.fasta;eco;Propanoate;33;eco_b3945.fasta;eco;Propanoate;35;eco_b1771.fasta;eco;Propanoate;35;eco_b3011.fasta;eco;Propanoate;36;eco_b2799.fasta;eco;Propanoate;38;eco_b0963.fasta;eco;Propanoate;39;eco_b3945.fasta;eco;Propanoate;42;eco_b2919.fasta;eco;Propanoate;44;eco_b0333.fasta;eco;Propanoate;48;eco_b2917.fasta;eco;Propanoate;49;eco_b0728.fasta;eco;Propanoate;49;eco_b0729.fasta;eco;Propanoate;50;eco_b0331.fasta;eco;Propanoate;51;eco_b0118.fasta;eco;Propanoate;52;eco_b0334.fasta;hpj;Propanoate;3;hpj_jhp0840.fasta;hpj;Propanoate;4;hpj_jhp1035.fasta;hpj;Propanoate;4;hpj_jhp1036.fasta;hpj;Propanoate;4;hpj_jhp1037.fasta;hpj;Propanoate;4;hpj_jhp1038.fasta;hpj;Propanoate;6;hpj_jhp0841.fasta;hpj;Propanoate;15;hpj_jhp0504.fasta;hpj;Propanoate;15;hpj_jhp0884.fasta;hpj;Propanoate;15;hpj_jhp1010.fasta;hpj;Propanoate;15;hpj_jhp1011.fasta;hpj;Propanoate;41;hpj_jhp0716.fasta;hsa;Propanoate;2;hsa_160287.fasta;hsa;Propanoate;2;hsa_3939.fasta;hsa;Propanoate;2;hsa_3945.fasta;hsa;Propanoate;2;hsa_3948.fasta;hsa;Propanoate;2;hsa_92483.fasta;hsa;Propanoate;5;hsa_55902.fasta;hsa;Propanoate;5;hsa_84532.fasta;hsa;Propanoate;5;hsa_79611.fasta;hsa;Propanoate;9;hsa_55902.fasta;hsa;Propanoate;9;hsa_84532.fasta;hsa;Propanoate;9;hsa_79611.fasta;hsa;Propanoate;13;hsa_23417.fasta;hsa;Propanoate;15;hsa_31.fasta;start rename filehsa;Propanoate;15;hsa_32.fasta;hsa;Propanoate;17;hsa_4329.fasta;hsa;Propanoate;19;hsa_26275.fasta;hsa;Propanoate;20;hsa_1892.fasta;hsa;Propanoate;20;hsa_1962.fasta;hsa;Propanoate;20;hsa_3030.fasta;hsa;Propanoate;21;hsa_34.fasta;hsa;Propanoate;22;hsa_38.fasta;hsa;Propanoate;22;hsa_39.fasta;hsa;Propanoate;25;hsa_18.fasta;hsa;Propanoate;40;hsa_5095.fasta;hsa;Propanoate;40;hsa_5096.fasta;hsa;Propanoate;42;hsa_55862.fasta;hsa;Propanoate;43;hsa_4329.fasta;hsa;Propanoate;46;hsa_84693.fasta;hsa;Propanoate;48;hsa_4594.fasta;hsa;Propanoate;49;hsa_8801.fasta;hsa;Propanoate;49;hsa_8802.fasta;hsa;Propanoate;49;hsa_8803.fasta;hsa;Propanoate;49;hsa_8801.fasta;hsa;Propanoate;49;hsa_8802.fasta;hsa;Propanoate;49;hsa_8803.fasta;mtc;Propanoate;3;mtc_MT0422.fasta;mtc;Propanoate;5;mtc_MT3768.fasta;mtc;Propanoate;6;mtc_MT0421.fasta;mtc;Propanoate;9;mtc_MT3768.fasta;mtc;Propanoate;15;mtc_MT0927.fasta;mtc;Propanoate;15;mtc_MT2307.fasta;mtc;Propanoate;15;mtc_MT2576.fasta;mtc;Propanoate;15;mtc_MT3384.fasta;mtc;Propanoate;17;mtc_MT0777.fasta;mtc;Propanoate;20;mtc_MT0232.fasta;mtc;Propanoate;20;mtc_MT0472.fasta;mtc;Propanoate;20;mtc_MT0660.fasta;mtc;Propanoate;20;mtc_MT0702.fasta;mtc;Propanoate;20;mtc_MT0704.fasta;mtc;Propanoate;20;mtc_MT0883.fasta;mtc;Propanoate;20;mtc_MT0928.fasta;mtc;Propanoate;20;mtc_MT0999_1.fasta;mtc;Propanoate;20;mtc_MT1100.fasta;mtc;Propanoate;20;mtc_MT1101.fasta;mtc;Propanoate;20;mtc_MT1174.fasta;mtc;Propanoate;20;mtc_MT1175.fasta;mtc;Propanoate;20;mtc_MT1518.fasta;mtc;Propanoate;20;mtc_MT1985.fasta;mtc;Propanoate;20;mtc_MT2560.fasta;mtc;Propanoate;20;mtc_MT2753.fasta;mtc;Propanoate;20;mtc_MT2897.fasta;mtc;Propanoate;20;mtc_MT3124.fasta;mtc;Propanoate;20;mtc_MT3617.fasta;mtc;Propanoate;20;mtc_MT3654.fasta;mtc;Propanoate;20;mtc_MT3883.fasta;mtc;Propanoate;21;mtc_MT0139.fasta;mtc;Propanoate;21;mtc_MT0163.fasta;mtc;Propanoate;21;mtc_MT0241.fasta;mtc;Propanoate;21;mtc_MT1003.fasta;mtc;Propanoate;21;mtc_MT1719.fasta;mtc;Propanoate;21;mtc_MT2796.fasta;mtc;Propanoate;21;mtc_MT3227.fasta;mtc;Propanoate;22;mtc_MT0257.fasta;mtc;Propanoate;22;mtc_MT0882.fasta;mtc;Propanoate;22;mtc_MT0939.fasta;mtc;Propanoate;22;mtc_MT1104.fasta;mtc;Propanoate;22;mtc_MT1169.fasta;mtc;Propanoate;22;mtc_MT1365.fasta;mtc;Propanoate;22;mtc_MT3623.fasta;mtc;Propanoate;22;mtc_MT3650.fasta;mtc;Propanoate;22;mtc_MT3660.fasta;mtc;Propanoate;25;mtc_MT2666.fasta;mtc;Propanoate;40;mtc_MT1001.fasta;mtc;Propanoate;40;mtc_MT2307.fasta;mtc;Propanoate;40;mtc_MT2576.fasta;mtc;Propanoate;40;mtc_MT3379_1.fasta;mtc;Propanoate;40;mtc_MT3384.fasta;mtc;Propanoate;43;mtc_MT0777.fasta;mtc;Propanoate;48;mtc_MT1539.fasta;mtc;Propanoate;48;mtc_MT1540.fasta;mtc;Propanoate;49;mtc_MT0978.fasta;mtc;Propanoate;49;mtc_MT0979.fasta;mtc;Propanoate;52;mtc_MT1162.fasta;mpn;Propanoate;2;mpn_MPN674.fasta;mpn;Propanoate;3;mpn_MPN533.fasta;mpn;Propanoate;6;mpn_MPN428.fasta;sce;Propanoate;5;sce_YAL054C.fasta;sce;Propanoate;5;sce_YLR153C.fasta;sce;Propanoate;9;sce_YAL054C.fasta;sce;Propanoate;9;sce_YLR153C.fasta;sce;Propanoate;15;sce_YMR207C.fasta;sce;Propanoate;15;sce_YNR016C.fasta;sce;Propanoate;19;sce_YDR036C.fasta;sce;Propanoate;22;sce_YPL028W.fasta;sce;Propanoate;25;sce_YGR019W.fasta;sce;Propanoate;39;sce_YOL151W.fasta;sce;Propanoate;49;sce_YGR244C.fasta;sce;Propanoate;49;sce_YOR142W.fasta;sce;Propanoate;49;sce_YGR244C.fasta;sce;Propanoate;49;sce_YOR142W.fasta;sce;Propanoate;52;sce_YPR002W.fasta;spo;Propanoate;1;spo_SPAC922_03.fasta;spo;Propanoate;2;spo_SPAC186_08c.fasta;spo;Propanoate;5;spo_SPCC191_02c.fasta;spo;Propanoate;9;spo_SPCC191_02c.fasta;spo;Propanoate;15;spo_SPAC56E4_04c.fasta;spo;Propanoate;19;spo_SPBC2D10_09.fasta;spo;Propanoate;22;spo_SPBC215_09c.fasta;spo;Propanoate;25;spo_SPAC19D5_07.fasta;spo;Propanoate;49;spo_SPAC16E8_17c.fasta;spo;Propanoate;49;spo_SPCC1620_08.fasta;spo;Propanoate;49;spo_SPAC16E8_17c.fasta;spo;Propanoate;49;spo_SPCC1620_08.fasta;atf;Galactose;2;atf_Ach5_10290.fasta;atf;Galactose;5;atf_Ach5_49210.fasta;atf;Galactose;7;atf_Ach5_06280.fasta;atf;Galactose;8;atf_Ach5_06270.fasta;atf;Galactose;9;atf_Ach5_30220.fasta;atf;Galactose;10;atf_Ach5_26040.fasta;atf;Galactose;10;atf_Ach5_38620.fasta;atf;Galactose;10;atf_Ach5_48050.fasta;atf;Galactose;13;atf_Ach5_35690.fasta;atf;Galactose;13;atf_Ach5_38300.fasta;atf;Galactose;14;atf_Ach5_04570.fasta;atf;Galactose;14;atf_Ach5_39380.fasta;atf;Galactose;14;atf_Ach5_43080.fasta;atf;Galactose;23;atf_Ach5_38540.fasta;atf;Galactose;24;atf_Ach5_01690.fasta;atf;Galactose;26;atf_Ach5_43840.fasta;atf;Galactose;26;atf_Ach5_43890.fasta;atf;Galactose;27;atf_Ach5_43840.fasta;atf;Galactose;27;atf_Ach5_43890.fasta;atf;Galactose;28;atf_Ach5_43840.fasta;atf;Galactose;28;atf_Ach5_43890.fasta;atf;Galactose;29;atf_Ach5_43840.fasta;atf;Galactose;29;atf_Ach5_43890.fasta;atf;Galactose;33;atf_Ach5_43840.fasta;atf;Galactose;33;atf_Ach5_43890.fasta;atf;Galactose;34;atf_Ach5_43840.fasta;atf;Galactose;34;atf_Ach5_43890.fasta;atf;Galactose;35;atf_Ach5_08620.fasta;atf;Galactose;35;atf_Ach5_48450.fasta;atf;Galactose;36;atf_Ach5_08620.fasta;atf;Galactose;36;atf_Ach5_48450.fasta;atf;Galactose;37;atf_Ach5_05180.fasta;atf;Galactose;37;atf_Ach5_21710.fasta;atf;Galactose;37;atf_Ach5_31350.fasta;atf;Galactose;39;atf_Ach5_43840.fasta;atf;Galactose;39;atf_Ach5_43890.fasta;atf;Galactose;40;atf_Ach5_43840.fasta;atf;Galactose;40;atf_Ach5_43890.fasta;ath;Galactose;10;ath_AT3G01260.fasta;ath;Galactose;10;ath_AT3G17940.fasta;ath;Galactose;10;ath_AT3G47800.fasta;ath;Galactose;10;ath_AT5G15140.fasta;ath;Galactose;12;ath_AT5G18200.fasta;ath;Galactose;13;ath_AT3G03250.fasta;ath;Galactose;13;ath_AT5G17310.fasta;ath;Galactose;14;ath_AT1G12780.fasta;ath;Galactose;14;ath_AT1G63180.fasta;ath;Galactose;14;ath_AT1G64440.fasta;ath;Galactose;14;ath_AT4G10960.fasta;ath;Galactose;14;ath_AT4G23920.fasta;ath;Galactose;15;ath_AT5G52560.fasta;ath;Galactose;16;ath_AT3G54440.fasta;ath;Galactose;17;ath_AT1G09350.fasta;ath;Galactose;17;ath_AT1G56600.fasta;ath;Galactose;17;ath_AT1G60450.fasta;ath;Galactose;17;ath_AT1G60470.fasta;ath;Galactose;17;ath_AT2G47180.fasta;ath;Galactose;17;ath_AT4G26250.fasta;ath;Galactose;17;ath_AT5G23790.fasta;ath;Galactose;19;ath_AT1G72990.fasta;ath;Galactose;19;ath_AT3G52840.fasta;ath;Galactose;19;ath_AT3G54440.fasta;ath;Galactose;23;ath_AT1G23190.fasta;ath;Galactose;23;ath_AT1G70730.fasta;ath;Galactose;23;ath_AT5G51820.fasta;ath;Galactose;24;ath_AT1G47840.fasta;ath;Galactose;24;ath_AT1G50460.fasta;ath;Galactose;24;ath_AT2G19860.fasta;ath;Galactose;24;ath_AT3G20040.fasta;ath;Galactose;24;ath_AT4G29130.fasta;ath;Galactose;24;ath_AT4G37840.fasta;ath;Galactose;26;ath_AT3G56310.fasta;ath;Galactose;26;ath_AT5G08370.fasta;ath;Galactose;26;ath_AT5G08380.fasta;ath;Galactose;27;ath_AT3G56310.fasta;ath;Galactose;27;ath_AT5G08370.fasta;ath;Galactose;27;ath_AT5G08380.fasta;ath;Galactose;28;ath_AT3G56310.fasta;ath;Galactose;28;ath_AT5G08370.fasta;ath;Galactose;28;ath_AT5G08380.fasta;ath;Galactose;29;ath_AT3G56310.fasta;ath;Galactose;29;ath_AT5G08370.fasta;ath;Galactose;29;ath_AT5G08380.fasta;ath;Galactose;31;ath_AT1G55740.fasta;ath;Galactose;31;ath_AT3G57520.fasta;ath;Galactose;31;ath_AT5G20250.fasta;ath;Galactose;31;ath_AT5G40390.fasta;ath;Galactose;32;ath_AT4G01970.fasta;ath;Galactose;33;ath_AT3G56310.fasta;ath;Galactose;33;ath_AT5G08370.fasta;ath;Galactose;33;ath_AT5G08380.fasta;ath;Galactose;34;ath_AT3G56310.fasta;ath;Galactose;34;ath_AT5G08370.fasta;ath;Galactose;34;ath_AT5G08380.fasta;ath;Galactose;35;ath_AT1G12240.fasta;ath;Galactose;35;ath_AT1G62660.fasta;ath;Galactose;35;ath_AT2G36190.fasta;ath;Galactose;35;ath_AT3G13784.fasta;ath;Galactose;35;ath_AT3G13790.fasta;ath;Galactose;35;ath_AT5G11920.fasta;ath;Galactose;36;ath_AT1G12240.fasta;ath;Galactose;36;ath_AT1G62660.fasta;ath;Galactose;36;ath_AT2G36190.fasta;ath;Galactose;36;ath_AT3G13784.fasta;ath;Galactose;36;ath_AT3G13790.fasta;ath;Galactose;36;ath_AT5G11920.fasta;ath;Galactose;37;ath_AT3G45940.fasta;ath;Galactose;37;ath_AT5G11720.fasta;ath;Galactose;39;ath_AT3G56310.fasta;ath;Galactose;39;ath_AT5G08370.fasta;ath;Galactose;39;ath_AT5G08380.fasta;ath;Galactose;40;ath_AT3G56310.fasta;ath;Galactose;40;ath_AT5G08370.fasta;ath;Galactose;40;ath_AT5G08380.fasta;ath;Galactose;43;ath_AT2G22480.fasta;ath;Galactose;43;ath_AT4G26270.fasta;ath;Galactose;43;ath_AT4G29220.fasta;ath;Galactose;43;ath_AT4G32840.fasta;ath;Galactose;43;ath_AT5G47810.fasta;ath;Galactose;43;ath_AT5G56630.fasta;ath;Galactose;43;ath_AT5G61580.fasta;bsu;Galactose;10;bsu_BSU18360.fasta;bsu;Galactose;11;bsu_BSU38200.fasta;bsu;Galactose;12;bsu_BSU38190.fasta;bsu;Galactose;13;bsu_BSU18180.fasta;bsu;Galactose;13;bsu_BSU30850.fasta;bsu;Galactose;13;bsu_BSU35670.fasta;bsu;Galactose;14;bsu_BSU38860.fasta;bsu;Galactose;16;bsu_BSU07080.fasta;bsu;Galactose;16;bsu_BSU34130.fasta;bsu;Galactose;19;bsu_BSU07080.fasta;bsu;Galactose;23;bsu_BSU09310.fasta;bsu;Galactose;24;bsu_BSU24850.fasta;bsu;Galactose;26;bsu_BSU30300.fasta;bsu;Galactose;27;bsu_BSU30300.fasta;bsu;Galactose;28;bsu_BSU30300.fasta;bsu;Galactose;29;bsu_BSU30300.fasta;bsu;Galactose;33;bsu_BSU30300.fasta;bsu;Galactose;34;bsu_BSU30300.fasta;bsu;Galactose;35;bsu_BSU38040.fasta;bsu;Galactose;36;bsu_BSU38040.fasta;bsu;Galactose;37;bsu_BSU31290.fasta;bsu;Galactose;37;bsu_BSU02840.fasta;bsu;Galactose;37;bsu_BSU34560.fasta;bsu;Galactose;39;bsu_BSU30300.fasta;bsu;Galactose;40;bsu_BSU30300.fasta;bsu;Galactose;43;bsu_BSU29190.fasta;cel;Galactose;10;cel_CELE_C01B4_6.fasta;cel;Galactose;10;cel_CELE_Y19D10A_16.fasta;cel;Galactose;12;cel_CELE_ZK1058_3.fasta;cel;Galactose;13;cel_CELE_K08E3_5.fasta;cel;Galactose;14;cel_CELE_C47B2_6.fasta;cel;Galactose;19;cel_CELE_T19B10_3.fasta;cel;Galactose;23;cel_CELE_R05F9_6.fasta;cel;Galactose;23;cel_CELE_Y43F4B_5.fasta;cel;Galactose;24;cel_CELE_F14B4_2.fasta;cel;Galactose;30;cel_CELE_Y39G8B_1.fasta;cel;Galactose;37;cel_CELE_D2096_3.fasta;cel;Galactose;43;cel_CELE_C50F4_2.fasta;cel;Galactose;43;cel_CELE_Y71H10A_1.fasta;dme;Galactose;10;dme_Dmel_CG10467.fasta;dme;Galactose;10;dme_Dmel_CG10996.fasta;dme;Galactose;10;dme_Dmel_CG32444.fasta;dme;Galactose;10;dme_Dmel_CG32445.fasta;dme;Galactose;10;dme_Dmel_CG4988.fasta;dme;Galactose;12;dme_Dmel_CG9232.fasta;dme;Galactose;13;dme_Dmel_CG4347.fasta;dme;Galactose;14;dme_Dmel_CG12030.fasta;dme;Galactose;19;dme_Dmel_CG3132.fasta;dme;Galactose;19;dme_Dmel_CG9092.fasta;dme;Galactose;22;dme_Dmel_CG15400.fasta;dme;Galactose;23;dme_Dmel_CG5165.fasta;dme;Galactose;23;dme_Dmel_CG8073.fasta;dme;Galactose;24;dme_Dmel_CG3001.fasta;dme;Galactose;24;dme_Dmel_CG32849.fasta;dme;Galactose;24;dme_Dmel_CG33102.fasta;dme;Galactose;24;dme_Dmel_CG8094.fasta;dme;Galactose;26;dme_Dmel_CG7997.fasta;dme;Galactose;27;dme_Dmel_CG7997.fasta;dme;Galactose;28;dme_Dmel_CG7997.fasta;dme;Galactose;29;dme_Dmel_CG7997.fasta;dme;Galactose;30;dme_Dmel_CG10863.fasta;dme;Galactose;30;dme_Dmel_CG12766.fasta;dme;Galactose;30;dme_Dmel_CG6083.fasta;dme;Galactose;30;dme_Dmel_CG6084.fasta;dme;Galactose;30;dme_Dmel_CG9436.fasta;dme;Galactose;33;dme_Dmel_CG7997.fasta;dme;Galactose;34;dme_Dmel_CG7997.fasta;dme;Galactose;37;dme_Dmel_CG11669.fasta;dme;Galactose;37;dme_Dmel_CG11909.fasta;dme;Galactose;37;dme_Dmel_CG14934.fasta;dme;Galactose;37;dme_Dmel_CG14935.fasta;dme;Galactose;37;dme_Dmel_CG7685.fasta;dme;Galactose;37;dme_Dmel_CG8690.fasta;dme;Galactose;37;dme_Dmel_CG8693.fasta;dme;Galactose;37;dme_Dmel_CG8694.fasta;dme;Galactose;37;dme_Dmel_CG8695.fasta;dme;Galactose;37;dme_Dmel_CG8696.fasta;dme;Galactose;39;dme_Dmel_CG7997.fasta;dme;Galactose;40;dme_Dmel_CG7997.fasta;dme;Galactose;43;dme_Dmel_CG4001.fasta;eco;Galactose;5;eco_b4478.fasta;eco;Galactose;7;eco_b3693.fasta;eco;Galactose;8;eco_b4477.fasta;eco;Galactose;9;eco_b2095.fasta;eco;Galactose;9;eco_b2096.fasta;eco;Galactose;9;eco_b3132.fasta;eco;Galactose;9;eco_b3137.fasta;eco;Galactose;10;eco_b0756.fasta;eco;Galactose;11;eco_b0757.fasta;eco;Galactose;12;eco_b0758.fasta;eco;Galactose;13;eco_b1236.fasta;eco;Galactose;13;eco_b2042.fasta;eco;Galactose;14;eco_b0759.fasta;eco;Galactose;16;eco_b0344.fasta;eco;Galactose;18;eco_b2036.fasta;eco;Galactose;19;eco_b0344.fasta;eco;Galactose;19;eco_b3076.fasta;eco;Galactose;19;eco_b3077.fasta;eco;Galactose;23;eco_b0688.fasta;eco;Galactose;24;eco_b2388.fasta;eco;Galactose;26;eco_b4119.fasta;eco;Galactose;27;eco_b4119.fasta;eco;Galactose;28;eco_b4119.fasta;eco;Galactose;29;eco_b4119.fasta;eco;Galactose;33;eco_b4119.fasta;eco;Galactose;34;eco_b4119.fasta;eco;Galactose;37;eco_b0403.fasta;eco;Galactose;37;eco_b3878.fasta;eco;Galactose;38;eco_b3133.fasta;eco;Galactose;39;eco_b4119.fasta;eco;Galactose;40;eco_b4119.fasta;eco;Galactose;41;eco_b3138.fasta;eco;Galactose;41;eco_b3139.fasta;eco;Galactose;41;eco_b3140.fasta;eco;Galactose;43;eco_b1723.fasta;eco;Galactose;43;eco_b3916.fasta;eco;Galactose;44;eco_b3141.fasta;eco;Galactose;47;eco_b2093.fasta;eco;Galactose;47;eco_b2094.fasta;eco;Galactose;47;eco_b4302.fasta;eco;Galactose;47;eco_b4304.fasta;eco;Galactose;47;eco_b4565.fasta;eco;Galactose;49;eco_b2091.fasta;hpj;Galactose;13;hpj_jhp0591.fasta;hpj;Galactose;14;hpj_jhp1020.fasta;hpj;Galactose;23;hpj_jhp1196.fasta;hpj;Galactose;24;hpj_jhp1029.fasta;hsa;Galactose;10;hsa_130589.fasta;hsa;Galactose;11;hsa_2584.fasta;hsa;Galactose;12;hsa_2592.fasta;hsa;Galactose;13;hsa_7360.fasta;hsa;Galactose;14;hsa_2582.fasta;hsa;Galactose;19;hsa_2720.fasta;hsa;Galactose;19;hsa_3938.fasta;hsa;Galactose;20;hsa_2683.fasta;hsa;Galactose;20;hsa_3906.fasta;hsa;Galactose;20;hsa_8704.fasta;hsa;Galactose;22;hsa_2538.fasta;hsa;Galactose;22;hsa_57818.fasta;hsa;Galactose;22;hsa_92579.fasta;hsa;Galactose;23;hsa_5236.fasta;hsa;Galactose;23;hsa_55276.fasta;hsa;Galactose;24;hsa_3098.fasta;hsa;Galactose;24;hsa_3099.fasta;hsa;Galactose;24;hsa_3101.fasta;hsa;Galactose;24;hsa_80201.fasta;hsa;Galactose;26;hsa_2717.fasta;hsa;Galactose;27;hsa_2717.fasta;hsa;Galactose;28;hsa_2717.fasta;hsa;Galactose;29;hsa_2717.fasta;hsa;Galactose;30;hsa_231.fasta;hsa;Galactose;30;hsa_57016.fasta;hsa;Galactose;33;hsa_2717.fasta;hsa;Galactose;34;hsa_2717.fasta;hsa;Galactose;37;hsa_2548.fasta;hsa;Galactose;37;hsa_2595.fasta;hsa;Galactose;37;hsa_8972.fasta;hsa;Galactose;39;hsa_2717.fasta;hsa;Galactose;40;hsa_2717.fasta;hsa;Galactose;43;hsa_5211.fasta;hsa;Galactose;43;hsa_5213.fasta;hsa;Galactose;43;hsa_5214.fasta;mtc;Galactose;11;mtc_MT0648.fasta;mtc;Galactose;13;mtc_MT1022.fasta;mtc;Galactose;14;mtc_MT0522.fasta;mtc;Galactose;14;mtc_MT3574.fasta;mtc;Galactose;14;mtc_MT3736.fasta;mtc;Galactose;18;mtc_MT3916.fasta;mtc;Galactose;23;mtc_MT3153.fasta;mtc;Galactose;24;mtc_MT0679.fasta;mtc;Galactose;37;mtc_MT2547.fasta;mtc;Galactose;43;mtc_MT2088.fasta;mtc;Galactose;43;mtc_MT3090.fasta;mpn;Galactose;13;mpn_MPN667.fasta;mpn;Galactose;14;mpn_MPN257.fasta;mpn;Galactose;18;mpn_MPN278.fasta;mpn;Galactose;43;mpn_MPN302.fasta;sce;Galactose;10;sce_YBR019C.fasta;sce;Galactose;11;sce_YBR020W.fasta;sce;Galactose;11;sce_YDR009W.fasta;sce;Galactose;12;sce_YBR018C.fasta;sce;Galactose;13;sce_YHL012W.fasta;sce;Galactose;13;sce_YKL035W.fasta;sce;Galactose;14;sce_YBR019C.fasta;sce;Galactose;23;sce_YKL127W.fasta;sce;Galactose;23;sce_YMR105C.fasta;sce;Galactose;23;sce_YMR278W.fasta;sce;Galactose;24;sce_YCL040W.fasta;sce;Galactose;24;sce_YDR516C.fasta;sce;Galactose;24;sce_YFR053C.fasta;sce;Galactose;24;sce_YGL253W.fasta;sce;Galactose;24;sce_YLR446W.fasta;sce;Galactose;35;sce_YIL162W.fasta;sce;Galactose;36;sce_YIL162W.fasta;sce;Galactose;37;sce_YBR299W.fasta;sce;Galactose;37;sce_YGR287C.fasta;sce;Galactose;37;sce_YGR292W.fasta;sce;Galactose;37;sce_YIL172C.fasta;sce;Galactose;37;sce_YJL216C.fasta;sce;Galactose;37;sce_YJL221C.fasta;sce;Galactose;37;sce_YOL157C.fasta;sce;Galactose;43;sce_YGR240C.fasta;sce;Galactose;43;sce_YMR205C.fasta;spo;Galactose;10;spo_SPBPB2B2_12c.fasta;spo;Galactose;11;spo_SPBPB2B2_13.fasta;spo;Galactose;12;spo_SPBPB2B2_10c.fasta;spo;Galactose;13;spo_SPCC1322_04.fasta;spo;Galactose;13;spo_SPCC794_10.fasta;spo;Galactose;14;spo_SPBC365_14c.fasta;spo;Galactose;14;spo_SPBPB2B2_12c.fasta;spo;Galactose;23;spo_SPBC32F12_10.fasta;spo;Galactose;23;spo_SPCC1840_05c.fasta;spo;Galactose;26;spo_SPAC869_07c.fasta;spo;Galactose;27;spo_SPAC869_07c.fasta;spo;Galactose;28;spo_SPAC869_07c.fasta;spo;Galactose;29;spo_SPAC869_07c.fasta;spo;Galactose;33;spo_SPAC869_07c.fasta;spo;Galactose;34;spo_SPAC869_07c.fasta;spo;Galactose;35;spo_SPAC8E11_01c.fasta;spo;Galactose;35;spo_SPCC191_11.fasta;spo;Galactose;36;spo_SPAC8E11_01c.fasta;spo;Galactose;36;spo_SPCC191_11.fasta;spo;Galactose;37;spo_SPAC1039_11c.fasta;spo;Galactose;37;spo_SPAC30D11_01c.fasta;spo;Galactose;37;spo_SPAPB24D3_10c.fasta;spo;Galactose;37;spo_SPBC1683_07.fasta;spo;Galactose;39;spo_SPAC869_07c.fasta;spo;Galactose;40;spo_SPAC869_07c.fasta;spo;Galactose;43;spo_SPBC16H5_02.fasta;atf;Cysteine;1;atf_Ach5_16850.fasta;atf;Cysteine;2;atf_Ach5_15110.fasta;atf;Cysteine;5;atf_Ach5_02880.fasta;atf;Cysteine;5;atf_Ach5_11200.fasta;atf;Cysteine;7;atf_Ach5_15150.fasta;atf;Cysteine;14;atf_Ach5_20750.fasta;atf;Cysteine;14;atf_Ach5_37210.fasta;atf;Cysteine;15;atf_Ach5_25240.fasta;atf;Cysteine;15;atf_Ach5_01490.fasta;atf;Cysteine;18;atf_Ach5_20750.fasta;atf;Cysteine;18;atf_Ach5_37210.fasta;atf;Cysteine;19;atf_Ach5_15150.fasta;atf;Cysteine;23;atf_Ach5_11180.fasta;atf;Cysteine;24;atf_Ach5_20750.fasta;atf;Cysteine;24;atf_Ach5_37210.fasta;atf;Cysteine;30;atf_Ach5_26030.fasta;atf;Cysteine;31;atf_Ach5_39440.fasta;atf;Cysteine;32;atf_Ach5_23610.fasta;atf;Cysteine;33;atf_Ach5_15220.fasta;atf;Cysteine;37;atf_Ach5_15150.fasta;atf;Cysteine;39;atf_Ach5_11580.fasta;atf;Cysteine;40;atf_Ach5_04020.fasta;atf;Cysteine;42;atf_Ach5_20370.fasta;atf;Cysteine;45;atf_Ach5_03370.fasta;atf;Cysteine;47;atf_Ach5_28850.fasta;atf;Cysteine;50;atf_Ach5_00280.fasta;atf;Cysteine;52;atf_Ach5_02590.fasta;atf;Cysteine;53;atf_Ach5_27260.fasta;atf;Cysteine;57;atf_Ach5_02590.fasta;ath;Cysteine;2;ath_AT1G55920.fasta;ath;Cysteine;2;ath_AT2G17640.fasta;ath;Cysteine;2;ath_AT3G13110.fasta;ath;Cysteine;2;ath_AT4G35640.fasta;ath;Cysteine;2;ath_AT5G56760.fasta;ath;Cysteine;5;ath_AT1G55880.fasta;ath;Cysteine;5;ath_AT2G43750.fasta;ath;Cysteine;5;ath_AT3G03630.fasta;ath;Cysteine;5;ath_AT3G04940.fasta;ath;Cysteine;5;ath_AT3G22460.fasta;ath;Cysteine;5;ath_AT3G59760.fasta;ath;Cysteine;5;ath_AT3G61440.fasta;ath;Cysteine;5;ath_AT4G14880.fasta;ath;Cysteine;5;ath_AT5G28020.fasta;ath;Cysteine;5;ath_AT5G28030.fasta;ath;Cysteine;7;ath_AT3G57050.fasta;ath;Cysteine;14;ath_AT1G62800.fasta;ath;Cysteine;14;ath_AT2G30970.fasta;ath;Cysteine;14;ath_AT4G31990.fasta;ath;Cysteine;14;ath_AT5G11520.fasta;ath;Cysteine;14;ath_AT5G19550.fasta;ath;Cysteine;15;ath_AT1G04410.fasta;ath;Cysteine;15;ath_AT1G53240.fasta;ath;Cysteine;15;ath_AT2G22780.fasta;ath;Cysteine;15;ath_AT3G15020.fasta;ath;Cysteine;15;ath_AT3G47520.fasta;ath;Cysteine;15;ath_AT5G09660.fasta;ath;Cysteine;15;ath_AT5G43330.fasta;ath;Cysteine;15;ath_AT5G56720.fasta;ath;Cysteine;18;ath_AT1G62800.fasta;ath;Cysteine;18;ath_AT2G30970.fasta;ath;Cysteine;18;ath_AT4G31990.fasta;ath;Cysteine;18;ath_AT5G11520.fasta;ath;Cysteine;18;ath_AT5G19550.fasta;ath;Cysteine;19;ath_AT3G57050.fasta;ath;Cysteine;23;ath_AT1G16460.fasta;ath;Cysteine;23;ath_AT1G79230.fasta;ath;Cysteine;24;ath_AT2G30970.fasta;ath;Cysteine;24;ath_AT4G31990.fasta;ath;Cysteine;24;ath_AT5G11520.fasta;ath;Cysteine;24;ath_AT5G19550.fasta;ath;Cysteine;26;ath_AT4G17260.fasta;ath;Cysteine;27;ath_AT1G33320.fasta;ath;Cysteine;27;ath_AT3G01120.fasta;ath;Cysteine;29;ath_AT1G33320.fasta;ath;Cysteine;29;ath_AT3G01120.fasta;ath;Cysteine;31;ath_AT1G31230.fasta;ath;Cysteine;31;ath_AT3G02020.fasta;ath;Cysteine;31;ath_AT4G19710.fasta;ath;Cysteine;31;ath_AT5G13280.fasta;ath;Cysteine;31;ath_AT5G14060.fasta;ath;Cysteine;32;ath_AT1G14810.fasta;ath;Cysteine;33;ath_AT1G31230.fasta;ath;Cysteine;33;ath_AT4G19710.fasta;ath;Cysteine;35;ath_AT1G33320.fasta;ath;Cysteine;35;ath_AT3G01120.fasta;ath;Cysteine;37;ath_AT3G57050.fasta;ath;Cysteine;39;ath_AT1G33320.fasta;ath;Cysteine;39;ath_AT3G01120.fasta;ath;Cysteine;40;ath_AT1G33320.fasta;ath;Cysteine;40;ath_AT3G01120.fasta;ath;Cysteine;42;ath_AT3G22740.fasta;ath;Cysteine;42;ath_AT3G25900.fasta;ath;Cysteine;42;ath_AT3G63250.fasta;ath;Cysteine;42;ath_AT3G03780.fasta;ath;Cysteine;42;ath_AT5G17920.fasta;ath;Cysteine;42;ath_AT5G20980.fasta;ath;Cysteine;45;ath_AT1G02500.fasta;ath;Cysteine;45;ath_AT2G36880.fasta;ath;Cysteine;45;ath_AT3G17390.fasta;ath;Cysteine;45;ath_AT4G01850.fasta;ath;Cysteine;47;ath_AT1G64660.fasta;ath;Cysteine;48;ath_AT2G24850.fasta;ath;Cysteine;48;ath_AT4G23590.fasta;ath;Cysteine;48;ath_AT4G23600.fasta;ath;Cysteine;48;ath_AT4G28410.fasta;ath;Cysteine;48;ath_AT4G28420.fasta;ath;Cysteine;48;ath_AT5G36160.fasta;ath;Cysteine;48;ath_AT5G53970.fasta;ath;Cysteine;50;ath_AT3G23810.fasta;ath;Cysteine;50;ath_AT4G13940.fasta;ath;Cysteine;53;ath_AT1G69770.fasta;ath;Cysteine;53;ath_AT1G80740.fasta;ath;Cysteine;53;ath_AT3G05430.fasta;ath;Cysteine;53;ath_AT4G08990.fasta;ath;Cysteine;53;ath_AT4G13610.fasta;ath;Cysteine;53;ath_AT4G14140.fasta;ath;Cysteine;53;ath_AT4G19020.fasta;ath;Cysteine;53;ath_AT5G27650.fasta;ath;Cysteine;53;ath_AT5G49160.fasta;ath;Cysteine;54;ath_AT3G02470.fasta;ath;Cysteine;54;ath_AT3G25570.fasta;ath;Cysteine;54;ath_AT5G15950.fasta;ath;Cysteine;54;ath_AT5G18930.fasta;ath;Cysteine;55;ath_AT1G23820.fasta;ath;Cysteine;55;ath_AT1G70310.fasta;ath;Cysteine;55;ath_AT5G53120.fasta;ath;Cysteine;56;ath_AT1G01480.fasta;ath;Cysteine;56;ath_AT2G22810.fasta;ath;Cysteine;56;ath_AT3G49700.fasta;ath;Cysteine;56;ath_AT3G61510.fasta;ath;Cysteine;56;ath_AT4G08040.fasta;ath;Cysteine;56;ath_AT4G11280.fasta;ath;Cysteine;56;ath_AT4G26200.fasta;ath;Cysteine;56;ath_AT4G37770.fasta;ath;Cysteine;56;ath_AT5G65800.fasta;ath;Cysteine;57;ath_AT4G34840.fasta;ath;Cysteine;57;ath_AT4G38800.fasta;ath;Cysteine;58;ath_AT1G05010.fasta;ath;Cysteine;58;ath_AT1G12010.fasta;ath;Cysteine;58;ath_AT1G62380.fasta;ath;Cysteine;58;ath_AT1G77330.fasta;ath;Cysteine;58;ath_AT2G19590.fasta;ath;Cysteine;60;ath_AT1G49820.fasta;ath;Cysteine;61;ath_AT2G26400.fasta;ath;Cysteine;61;ath_AT4G14710.fasta;ath;Cysteine;61;ath_AT4G14716.fasta;ath;Cysteine;61;ath_AT5G43850.fasta;ath;Cysteine;62;ath_AT5G53850.fasta;ath;Cysteine;63;ath_AT2G05830.fasta;ath;Cysteine;64;ath_AT2G26400.fasta;ath;Cysteine;64;ath_AT4G14710.fasta;ath;Cysteine;64;ath_AT4G14716.fasta;ath;Cysteine;64;ath_AT5G43850.fasta;ath;Cysteine;67;ath_AT5G53850.fasta;bsu;Cysteine;1;bsu_BSU15850.fasta;bsu;Cysteine;1;bsu_BSU15860.fasta;bsu;Cysteine;2;bsu_BSU00930.fasta;bsu;Cysteine;5;bsu_BSU00730.fasta;bsu;Cysteine;5;bsu_BSU29970.fasta;bsu;Cysteine;7;bsu_BSU11880.fasta;bsu;Cysteine;7;bsu_BSU31440.fasta;bsu;Cysteine;7;bsu_BSU27250.fasta;bsu;Cysteine;14;bsu_BSU09570.fasta;bsu;Cysteine;14;bsu_BSU22370.fasta;bsu;Cysteine;15;bsu_BSU29120.fasta;bsu;Cysteine;18;bsu_BSU09570.fasta;bsu;Cysteine;18;bsu_BSU22370.fasta;bsu;Cysteine;19;bsu_BSU11880.fasta;bsu;Cysteine;19;bsu_BSU31440.fasta;bsu;Cysteine;19;bsu_BSU27250.fasta;bsu;Cysteine;21;bsu_BSU31140.fasta;bsu;Cysteine;24;bsu_BSU09570.fasta;bsu;Cysteine;24;bsu_BSU22370.fasta;bsu;Cysteine;26;bsu_BSU03050.fasta;bsu;Cysteine;27;bsu_BSU11870.fasta;bsu;Cysteine;28;bsu_BSU27250.fasta;bsu;Cysteine;29;bsu_BSU11870.fasta;bsu;Cysteine;30;bsu_BSU21910.fasta;bsu;Cysteine;31;bsu_BSU03790.fasta;bsu;Cysteine;31;bsu_BSU16760.fasta;bsu;Cysteine;31;bsu_BSU28470.fasta;bsu;Cysteine;32;bsu_BSU16750.fasta;bsu;Cysteine;33;bsu_BSU32260.fasta;bsu;Cysteine;35;bsu_BSU11870.fasta;bsu;Cysteine;37;bsu_BSU11880.fasta;bsu;Cysteine;37;bsu_BSU31440.fasta;bsu;Cysteine;38;bsu_BSU27260.fasta;bsu;Cysteine;39;bsu_BSU11870.fasta;bsu;Cysteine;40;bsu_BSU11870.fasta;bsu;Cysteine;42;bsu_BSU02410.fasta;bsu;Cysteine;42;bsu_BSU11010.fasta;bsu;Cysteine;42;bsu_BSU13180.fasta;bsu;Cysteine;45;bsu_BSU30550.fasta;bsu;Cysteine;48;bsu_BSU13580.fasta;bsu;Cysteine;51;bsu_BSU30670.fasta;bsu;Cysteine;52;bsu_BSU27270.fasta;bsu;Cysteine;53;bsu_BSU06060.fasta;bsu;Cysteine;53;bsu_BSU06070.fasta;bsu;Cysteine;53;bsu_BSU20250.fasta;bsu;Cysteine;53;bsu_BSU27280.fasta;bsu;Cysteine;54;bsu_BSU29010.fasta;bsu;Cysteine;55;bsu_BSU37500.fasta;bsu;Cysteine;57;bsu_BSU27270.fasta;bsu;Cysteine;60;bsu_BSU13560.fasta;bsu;Cysteine;61;bsu_BSU13620.fasta;bsu;Cysteine;63;bsu_BSU13550.fasta;bsu;Cysteine;64;bsu_BSU13620.fasta;bsu;Cysteine;65;bsu_BSU13600.fasta;bsu;Cysteine;66;bsu_BSU13590.fasta;bsu;Cysteine;67;bsu_BSU13610.fasta;cel;Cysteine;5;cel_CELE_C17G1_7.fasta;cel;Cysteine;5;cel_CELE_F59A7_9.fasta;cel;Cysteine;5;cel_CELE_K10H10_2.fasta;cel;Cysteine;7;cel_CELE_C12C8_2.fasta;cel;Cysteine;7;cel_CELE_F22B8_6.fasta;cel;Cysteine;7;cel_CELE_ZK1127_10.fasta;cel;Cysteine;14;cel_CELE_C14E2_2.fasta;cel;Cysteine;14;cel_CELE_C14F11_1.fasta;cel;Cysteine;14;cel_CELE_C44E4_3.fasta;cel;Cysteine;14;cel_CELE_T01C8_5.fasta;cel;Cysteine;15;cel_CELE_F20H11_3.fasta;cel;Cysteine;15;cel_CELE_F46E10_10.fasta;cel;Cysteine;18;cel_CELE_C14E2_2.fasta;cel;Cysteine;18;cel_CELE_C14F11_1.fasta;cel;Cysteine;19;cel_CELE_C12C8_2.fasta;cel;Cysteine;19;cel_CELE_F22B8_6.fasta;cel;Cysteine;19;cel_CELE_ZK1127_10.fasta;cel;Cysteine;21;cel_CELE_F56F10_3.fasta;cel;Cysteine;23;cel_CELE_D2023_5.fasta;cel;Cysteine;23;cel_CELE_F11G11_9.fasta;cel;Cysteine;23;cel_CELE_H12D21_4.fasta;cel;Cysteine;24;cel_CELE_C14E2_2.fasta;cel;Cysteine;24;cel_CELE_C14F11_1.fasta;cel;Cysteine;26;cel_CELE_F13D12_2.fasta;cel;Cysteine;28;cel_CELE_C12C8_2.fasta;cel;Cysteine;28;cel_CELE_F22B8_6.fasta;cel;Cysteine;36;cel_CELE_F54A3_4.fasta;cel;Cysteine;36;cel_CELE_ZC373_1.fasta;cel;Cysteine;42;cel_CELE_R03D7_1.fasta;cel;Cysteine;45;cel_CELE_C06E7_1.fasta;cel;Cysteine;45;cel_CELE_C06E7_3.fasta;cel;Cysteine;45;cel_CELE_C49F5_1.fasta;cel;Cysteine;45;cel_CELE_T13A10_11.fasta;cel;Cysteine;48;cel_CELE_F42D1_2.fasta;cel;Cysteine;50;cel_CELE_K02F2_2.fasta;cel;Cysteine;54;cel_CELE_F47G4_7.fasta;cel;Cysteine;55;cel_CELE_Y46G5A_19.fasta;cel;Cysteine;59;cel_CELE_B0228_7.fasta;cel;Cysteine;61;cel_CELE_F42F12_4.fasta;cel;Cysteine;64;cel_CELE_F42F12_4.fasta;cel;Cysteine;67;cel_CELE_ZC373_5.fasta;ctr;Cysteine;15;ctr_CT_376.fasta;ctr;Cysteine;31;ctr_CT_362.fasta;ctr;Cysteine;32;ctr_CT_363.fasta;ctr;Cysteine;48;ctr_CT_637.fasta;dme;Cysteine;7;dme_Dmel_CG5345.fasta;dme;Cysteine;14;dme_Dmel_CG4233.fasta;dme;Cysteine;14;dme_Dmel_CG8430.fasta;dme;Cysteine;15;dme_Dmel_CG10748.fasta;dme;Cysteine;15;dme_Dmel_CG10749.fasta;dme;Cysteine;15;dme_Dmel_CG5362.fasta;dme;Cysteine;15;dme_Dmel_CG7998.fasta;dme;Cysteine;18;dme_Dmel_CG4233.fasta;dme;Cysteine;18;dme_Dmel_CG8430.fasta;dme;Cysteine;19;dme_Dmel_CG5345.fasta;dme;Cysteine;21;dme_Dmel_CG5493.fasta;dme;Cysteine;23;dme_Dmel_CG12279.fasta;dme;Cysteine;24;dme_Dmel_CG4233.fasta;dme;Cysteine;24;dme_Dmel_CG8430.fasta;dme;Cysteine;26;dme_Dmel_CG10160.fasta;dme;Cysteine;26;dme_Dmel_CG13334.fasta;dme;Cysteine;28;dme_Dmel_CG5345.fasta;dme;Cysteine;36;dme_Dmel_CG1753.fasta;dme;Cysteine;42;dme_Dmel_CG10621.fasta;dme;Cysteine;45;dme_Dmel_CG2674.fasta;dme;Cysteine;48;dme_Dmel_CG1461.fasta;dme;Cysteine;50;dme_Dmel_CG11654.fasta;dme;Cysteine;50;dme_Dmel_CG8956.fasta;dme;Cysteine;50;dme_Dmel_CG9977.fasta;dme;Cysteine;54;dme_Dmel_CG5029.fasta;dme;Cysteine;55;dme_Dmel_CG8327.fasta;dme;Cysteine;55;dme_Dmel_CG4300.fasta;dme;Cysteine;59;dme_Dmel_CG4802.fasta;dme;Cysteine;61;dme_Dmel_CG32068.fasta;dme;Cysteine;62;dme_Dmel_CG12173.fasta;dme;Cysteine;63;dme_Dmel_CG11334.fasta;dme;Cysteine;64;dme_Dmel_CG32068.fasta;dme;Cysteine;67;dme_Dmel_CG11134.fasta;eco;Cysteine;1;eco_b1814.fasta;eco;Cysteine;1;eco_b2797.fasta;eco;Cysteine;1;eco_b4471.fasta;eco;Cysteine;2;eco_b3607.fasta;eco;Cysteine;3;eco_b2421.fasta;eco;Cysteine;5;eco_b2414.fasta;eco;Cysteine;5;eco_b2421.fasta;eco;Cysteine;7;eco_b1622.fasta;eco;Cysteine;7;eco_b3008.fasta;eco;Cysteine;14;eco_b0928.fasta;eco;Cysteine;15;eco_b3236.fasta;eco;Cysteine;18;eco_b0928.fasta;eco;Cysteine;19;eco_b1622.fasta;eco;Cysteine;19;eco_b3008.fasta;eco;Cysteine;22;eco_b1919.fasta;eco;Cysteine;23;eco_b1757.fasta;eco;Cysteine;23;eco_b2521.fasta;eco;Cysteine;24;eco_b0928.fasta;eco;Cysteine;27;eco_b3939.fasta;eco;Cysteine;29;eco_b3939.fasta;eco;Cysteine;30;eco_b4013.fasta;eco;Cysteine;31;eco_b0002.fasta;eco;Cysteine;31;eco_b3940.fasta;eco;Cysteine;31;eco_b4024.fasta;eco;Cysteine;32;eco_b3433.fasta;eco;Cysteine;33;eco_b0002.fasta;eco;Cysteine;33;eco_b3940.fasta;eco;Cysteine;35;eco_b3939.fasta;eco;Cysteine;37;eco_b1622.fasta;eco;Cysteine;37;eco_b3008.fasta;eco;Cysteine;39;eco_b3939.fasta;eco;Cysteine;40;eco_b3939.fasta;eco;Cysteine;42;eco_b0261.fasta;eco;Cysteine;42;eco_b4019.fasta;eco;Cysteine;42;eco_b3829.fasta;eco;Cysteine;45;eco_b2942.fasta;eco;Cysteine;48;eco_b4054.fasta;eco;Cysteine;51;eco_b2687.fasta;eco;Cysteine;52;eco_b0159.fasta;eco;Cysteine;53;eco_b1961.fasta;eco;Cysteine;54;eco_b0120.fasta;eco;Cysteine;55;eco_b0121.fasta;eco;Cysteine;57;eco_b0159.fasta;hpj;Cysteine;1;hpj_jhp0120.fasta;hpj;Cysteine;2;hpj_jhp1133.fasta;hpj;Cysteine;5;hpj_jhp0099.fasta;hpj;Cysteine;7;hpj_jhp0098.fasta;hpj;Cysteine;14;hpj_jhp0615.fasta;hpj;Cysteine;18;hpj_jhp0615.fasta;hpj;Cysteine;19;hpj_jhp0098.fasta;hpj;Cysteine;24;hpj_jhp0615.fasta;hpj;Cysteine;31;hpj_jhp1150.fasta;hpj;Cysteine;32;hpj_jhp1114.fasta;hpj;Cysteine;33;hpj_jhp0761.fasta;hpj;Cysteine;37;hpj_jhp0098.fasta;hpj;Cysteine;45;hpj_jhp0183.fasta;hpj;Cysteine;51;hpj_jhp0097.fasta;hpj;Cysteine;52;hpj_jhp0082.fasta;hpj;Cysteine;53;hpj_jhp0435.fasta;hpj;Cysteine;53;hpj_jhp1050.fasta;hpj;Cysteine;55;hpj_jhp0771.fasta;hpj;Cysteine;57;hpj_jhp0082.fasta;hsa;Cysteine;1;hsa_10993.fasta;hsa;Cysteine;1;hsa_113675.fasta;hsa;Cysteine;7;hsa_1491.fasta;hsa;Cysteine;14;hsa_2805.fasta;hsa;Cysteine;14;hsa_2806.fasta;hsa;Cysteine;15;hsa_4190.fasta;hsa;Cysteine;15;hsa_4191.fasta;hsa;Cysteine;18;hsa_2805.fasta;hsa;Cysteine;18;hsa_2806.fasta;hsa;Cysteine;19;hsa_1491.fasta;hsa;Cysteine;21;hsa_1036.fasta;hsa;Cysteine;23;hsa_4357.fasta;hsa;Cysteine;23;hsa_7263.fasta;hsa;Cysteine;24;hsa_2805.fasta;hsa;Cysteine;24;hsa_2806.fasta;hsa;Cysteine;26;hsa_160287.fasta;hsa;Cysteine;26;hsa_3939.fasta;hsa;Cysteine;26;hsa_3945.fasta;hsa;Cysteine;26;hsa_3948.fasta;hsa;Cysteine;26;hsa_92483.fasta;hsa;Cysteine;28;hsa_1491.fasta;hsa;Cysteine;36;hsa_102724560.fasta;hsa;Cysteine;36;hsa_875.fasta;hsa;Cysteine;42;hsa_635.fasta;hsa;Cysteine;42;hsa_4548.fasta;hsa;Cysteine;48;hsa_6898.fasta;hsa;Cysteine;49;hsa_259307.fasta;hsa;Cysteine;50;hsa_10768.fasta;hsa;Cysteine;50;hsa_191.fasta;hsa;Cysteine;50;hsa_23382.fasta;hsa;Cysteine;53;hsa_1786.fasta;hsa;Cysteine;53;hsa_1788.fasta;hsa;Cysteine;53;hsa_1789.fasta;hsa;Cysteine;54;hsa_262.fasta;hsa;Cysteine;55;hsa_6723.fasta;hsa;Cysteine;55;hsa_6611.fasta;hsa;Cysteine;59;hsa_4507.fasta;hsa;Cysteine;61;hsa_55256.fasta;hsa;Cysteine;62;hsa_58478.fasta;hsa;Cysteine;63;hsa_84245.fasta;hsa;Cysteine;64;hsa_55256.fasta;hsa;Cysteine;67;hsa_51074.fasta;mtc;Cysteine;1;mtc_MT0075.fasta;mtc;Cysteine;2;mtc_MT2398.fasta;mtc;Cysteine;3;mtc_MT1377.fasta;mtc;Cysteine;5;mtc_MT1377.fasta;mtc;Cysteine;5;mtc_MT2397.fasta;mtc;Cysteine;5;mtc_MT3786.fasta;mtc;Cysteine;7;mtc_MT0081.fasta;mtc;Cysteine;7;mtc_MT2351.fasta;mtc;Cysteine;15;mtc_MT1278.fasta;mtc;Cysteine;19;mtc_MT0081.fasta;mtc;Cysteine;19;mtc_MT2351.fasta;mtc;Cysteine;23;mtc_MT0837.fasta;mtc;Cysteine;23;mtc_MT2348.fasta;mtc;Cysteine;23;mtc_MT3199.fasta;mtc;Cysteine;23;mtc_MT3382.fasta;mtc;Cysteine;27;mtc_MT1110.fasta;mtc;Cysteine;29;mtc_MT1110.fasta;mtc;Cysteine;31;mtc_MT3812.fasta;mtc;Cysteine;32;mtc_MT3811.fasta;mtc;Cysteine;33;mtc_MT1333.fasta;mtc;Cysteine;34;mtc_MT3444.fasta;mtc;Cysteine;35;mtc_MT1110.fasta;mtc;Cysteine;36;mtc_MT1108.fasta;mtc;Cysteine;37;mtc_MT0081.fasta;mtc;Cysteine;39;mtc_MT1110.fasta;mtc;Cysteine;39;mtc_MT3443.fasta;mtc;Cysteine;40;mtc_MT1110.fasta;mtc;Cysteine;40;mtc_MT0402.fasta;mtc;Cysteine;42;mtc_MT2183.fasta;mtc;Cysteine;42;mtc_MT2533.fasta;mtc;Cysteine;42;mtc_MT1165.fasta;mtc;Cysteine;45;mtc_MT1437.fasta;mtc;Cysteine;50;mtc_MT3346.fasta;mtc;Cysteine;52;mtc_MT0100.fasta;mtc;Cysteine;52;mtc_MT2349.fasta;mtc;Cysteine;55;mtc_MT2675.fasta;mtc;Cysteine;57;mtc_MT0100.fasta;mtc;Cysteine;57;mtc_MT2349.fasta;mtc;Cysteine;59;mtc_MT0559.fasta;mpn;Cysteine;26;mpn_MPN674.fasta;mpn;Cysteine;45;mpn_MPN060.fasta;sce;Cysteine;1;sce_YCL064C.fasta;sce;Cysteine;5;sce_YGR012W.fasta;sce;Cysteine;5;sce_YLR303W.fasta;sce;Cysteine;7;sce_YFR055W.fasta;sce;Cysteine;7;sce_YGL184C.fasta;sce;Cysteine;7;sce_YAL012W.fasta;sce;Cysteine;14;sce_YKL106W.fasta;sce;Cysteine;14;sce_YLR027C.fasta;sce;Cysteine;15;sce_YDL078C.fasta;sce;Cysteine;15;sce_YKL085W.fasta;sce;Cysteine;15;sce_YOL126C.fasta;sce;Cysteine;18;sce_YKL106W.fasta;sce;Cysteine;18;sce_YLR027C.fasta;sce;Cysteine;19;sce_YFR055W.fasta;sce;Cysteine;19;sce_YGL184C.fasta;sce;Cysteine;23;sce_YOR251C.fasta;sce;Cysteine;24;sce_YKL106W.fasta;sce;Cysteine;24;sce_YLR027C.fasta;sce;Cysteine;27;sce_YJR130C.fasta;sce;Cysteine;27;sce_YLL058W.fasta;sce;Cysteine;27;sce_YML082W.fasta;sce;Cysteine;28;sce_YAL012W.fasta;sce;Cysteine;29;sce_YJR130C.fasta;sce;Cysteine;29;sce_YLL058W.fasta;sce;Cysteine;29;sce_YML082W.fasta;sce;Cysteine;31;sce_YER052C.fasta;sce;Cysteine;32;sce_YDR158W.fasta;sce;Cysteine;33;sce_YJR139C.fasta;sce;Cysteine;34;sce_YNL277W.fasta;sce;Cysteine;35;sce_YJR130C.fasta;sce;Cysteine;35;sce_YLL058W.fasta;sce;Cysteine;35;sce_YML082W.fasta;sce;Cysteine;36;sce_YGR155W.fasta;sce;Cysteine;37;sce_YFR055W.fasta;sce;Cysteine;37;sce_YGL184C.fasta;sce;Cysteine;39;sce_YJR130C.fasta;sce;Cysteine;39;sce_YLL058W.fasta;sce;Cysteine;39;sce_YML082W.fasta;sce;Cysteine;40;sce_YJR130C.fasta;sce;Cysteine;40;sce_YLL058W.fasta;sce;Cysteine;40;sce_YML082W.fasta;sce;Cysteine;42;sce_YLL062C.fasta;sce;Cysteine;42;sce_YPL273W.fasta;sce;Cysteine;42;sce_YER091C.fasta;sce;Cysteine;43;sce_YKL069W.fasta;sce;Cysteine;45;sce_YDR502C.fasta;sce;Cysteine;45;sce_YLR180W.fasta;sce;Cysteine;48;sce_YGL202W.fasta;sce;Cysteine;48;sce_YGL202W.fasta;sce;Cysteine;50;sce_YER043C.fasta;sce;Cysteine;54;sce_YOL052C.fasta;sce;Cysteine;55;sce_YPR069C.fasta;sce;Cysteine;55;sce_YLR146C.fasta;sce;Cysteine;59;sce_YLR017W.fasta;sce;Cysteine;61;sce_YMR009W.fasta;sce;Cysteine;62;sce_YEL038W.fasta;sce;Cysteine;63;sce_YPR118W.fasta;sce;Cysteine;64;sce_YMR009W.fasta;sce;Cysteine;67;sce_YJR024C.fasta;spo;Cysteine;2;spo_SPAC1039_08.fasta;spo;Cysteine;5;spo_SPAC3A12_17c.fasta;spo;Cysteine;5;spo_SPBC36_04.fasta;spo;Cysteine;5;spo_SPBC428_11.fasta;spo;Cysteine;7;spo_SPCC11E10_01.fasta;spo;Cysteine;14;spo_SPAC10F6_13c.fasta;spo;Cysteine;14;spo_SPBC725_01.fasta;spo;Cysteine;15;spo_SPCC306_08c.fasta;spo;Cysteine;18;spo_SPAC10F6_13c.fasta;spo;Cysteine;18;spo_SPBC725_01.fasta;spo;Cysteine;23;spo_SPCC4B3_01.fasta;spo;Cysteine;24;spo_SPAC10F6_13c.fasta;spo;Cysteine;24;spo_SPBC725_01.fasta;spo;Cysteine;26;spo_SPAC186_08c.fasta;spo;Cysteine;27;spo_SPAC23A1_14c.fasta;spo;Cysteine;27;spo_SPBC15D4_09c.fasta;spo;Cysteine;29;spo_SPAC23A1_14c.fasta;spo;Cysteine;29;spo_SPBC15D4_09c.fasta;spo;Cysteine;31;spo_SPBC19F5_04.fasta;spo;Cysteine;32;spo_SPCC1827_06c.fasta;spo;Cysteine;33;spo_SPBC776_03.fasta;spo;Cysteine;34;spo_SPBC106_17c.fasta;spo;Cysteine;34;spo_SPBC56F2_11.fasta;spo;Cysteine;35;spo_SPAC23A1_14c.fasta;spo;Cysteine;35;spo_SPBC15D4_09c.fasta;spo;Cysteine;37;spo_SPCC11E10_01.fasta;spo;Cysteine;39;spo_SPAC23A1_14c.fasta;spo;Cysteine;39;spo_SPBC15D4_09c.fasta;spo;Cysteine;40;spo_SPAC23A1_14c.fasta;spo;Cysteine;40;spo_SPBC15D4_09c.fasta;spo;Cysteine;42;spo_SPAC9_09.fasta;spo;Cysteine;45;spo_SPBC14F5_05c.fasta;spo;Cysteine;48;spo_SPAC56E4_03.fasta;spo;Cysteine;48;spo_SPBC1773_13.fasta;spo;Cysteine;48;spo_SPCC569_07.fasta;spo;Cysteine;48;spo_SPAC56E4_03.fasta;spo;Cysteine;48;spo_SPBC1773_13.fasta;spo;Cysteine;48;spo_SPCC569_07.fasta;spo;Cysteine;50;spo_SPBC8D2_18c.fasta;spo;Cysteine;54;spo_SPBP4H10_05c.fasta;spo;Cysteine;55;spo_SPBC12C2_07c.fasta;spo;Cysteine;59;spo_SPAC16C9_02c.fasta;spo;Cysteine;61;spo_SPBC887_01.fasta;spo;Cysteine;62;spo_SPAC644_08.fasta;spo;Cysteine;63;spo_SPBC23E6_10c.fasta;spo;Cysteine;64;spo_SPBC887_01.fasta;spo;Cysteine;67;spo_SPAC20H4_05c.fasta;